,Prob. mom and dad car,Prob. mom car,Prob. dad car,Prob. non-hh car,Prob. sibling car,Prob. alone walk,Prob. mom and dad walk,Prob. mom walk,Prob. dad walk,Prob. non-hh walk,Prob. sibling walk,Prob. alone bike,Prob. mom and dad bike,Prob. mom bike,Prob. dad bike,Prob. non-hh bike,Prob. sibling bike
0,0.08100511382650287,0.47487380243740923,0.1506752179142573,0.062979301147397,2.0795217815870705e-07,0.08795666472782504,0.001291780651074987,0.030640458967749827,0.004002516686942504,0.05637418482237758,0.014171337802011302,0.027368957498187765,1.6519955487297618e-07,0.0017459116488062172,0.0031296869612724614,0.0024629116865386596,0.0013217800699142379
1,0.07154588207256457,0.4701569077411947,0.1602871576874481,0.06158534748643333,2.4795084931681854e-07,0.08778187041598652,0.0015419381407609082,0.03097056644055756,0.004555496860441501,0.05476876601342057,0.014998685989330102,0.03177892485023699,1.456463814447411e-07,0.0021131573398687265,0.0032930803152441744,0.0030688469819928,0.0015529780672889145
2,0.06482537948535648,0.46555623281639663,0.16783666933199187,0.060397459309741164,2.8371737493502305e-07,0.08746493479081527,0.0017658650695011589,0.031165176443775096,0.005027436016642203,0.053441140282505524,0.015642964241117694,0.03562044197770122,1.317808886537863e-07,0.00244631919980795,0.0034189443198104187,0.003633865527084568,0.0017567556894891906
3,0.059715532274167295,0.46119025376023737,0.17403990095502037,0.05936070388114145,3.1636149199232797e-07,0.0870866437050229,0.0019704172689469037,0.031282342609089,0.005442358752815683,0.05230663366776221,0.01616856463253541,0.039053837445592,1.2125434811748294e-07,0.002753929494504275,0.0035206846390682424,0.00416715060457149,0.001940608693685378
4,0.0556514623445206,0.4570761415928137,0.1792928175346436,0.05843945293643405,3.465703624588105e-07,0.08668227995233381,0.0021598445462786765,0.03135096383671899,0.005814494549313139,0.051314584726632674,0.016610870557120464,0.04217588384141283,1.1289263404077034e-07,0.003041351900620457,0.003605612550237856,0.0046746670500522345,0.002109112617870635
5,0.052313627734344295,0.45320163782063205,0.18383820017468333,0.05760944577824594,3.7480632624660175e-07,0.08626900117582897,0.0023370088086169826,0.03138720999778621,0.006153075458702471,0.05043220264546325,0.016991465924677183,0.045050345821979074,1.0603247042202612e-07,0.003312240014628445,0.0036781601601603825,0.005160587435740898,0.002265310209713907
6,0.049505358093082,0.44954652091791814,0.18783598194480133,0.05685343843534105,4.013990073589195e-07,0.08585570245787523,0.0025039519752262443,0.03140088963126357,0.006464483407971405,0.04963699920126945,0.017324506667010058,0.04772188544002543,1.0026609568974747e-07,0.003569226019792287,0.003741218668434133,0.005627986096303228,0.002411349378583588
7,0.047097850299675524,0.4460896784618864,0.19139724651527731,0.05615873127459372,4.2659370040682504e-07,0.0854471506691875,0.002662194561410986,0.03139831606255451,0.00675334174699949,0.0489128542602525,0.017619786853198267,0.050223230037840426,9.532672405890071e-08,0.003814286561238227,0.0037967789065393148,0.006079217073812569,0.002548814795108382
8,0.04500262204143257,0.4428114439236512,0.19460235731320916,0.055515693509322284,4.505790796700545e-07,0.08504591174646192,0.0028129067833678775,0.03138374178614153,0.007023122994102652,0.048247802213045074,0.01788436735433314,0.05257921108842061,9.103124516212563e-08,0.00404895429082924,0.0038462699971578526,0.006516137277878734,0.0026789160703212848
9,0.0431565402864835,0.4396942461619584,0.1975113665098495,0.05491684148510257,4.735041362457431e-07,0.084653322390433,0.0029570132088454965,0.03136013588334414,0.007276511277918582,0.04763270702754422,0.018123507776497412,0.05480919818288031,8.724911002750725e-08,0.004274448264609648,0.003890752338771631,0.006940246582206482,0.0028026018703088897
10,0.041513146660526246,0.43672264226953333,0.20017034771243117,0.05435623947587993,4.954890746279928e-07,0.0842700101708185,0.003095260120595967,0.031329632465362856,0.00751563045164663,0.047060428679276824,0.018341231705861005,0.05692864529566261,8.388431814890651e-08,0.004491758463829762,0.003931034222292794,0.00735278011790332,0.002920632814986135
11,0.04003736560926526,0.4338831362598905,0.20261543278053867,0.05382909653375023,5.16632618877527e-07,0.08389618516537374,0.00322826070546249,0.03129380265677936,0.007742194041928003,0.046525276816618784,0.018540686026966423,0.05895011580862614,8.086443703688838e-08,0.00470170284954763,0.003967745711840114,0.007754771490422894,0.0030336300459336673
12,0.03870213625720918,0.4311639399566721,0.20487548605901135,0.05333148709706982,5.370170814103321e-07,0.08353180955766516,0.0033565264189327287,0.03125382650893425,0.00795760741459786,0.046022640219218224,0.01872437834924614,0.060883986288266835,7.813361807646915e-08,0.004904967189045655,0.004001387310837625,0.008147097496809232,0.0031421087257842415
13,0.03748619097769124,0.42855473624873847,0.20697393409476764,0.052860152334165335,5.56711981798265e-07,0.08317669910127105,0.0034804893865426068,0.031210605488224807,0.008163039511690142,0.04554872807952589,0.018894339070493933,0.06273894416028768,7.564799301931331e-08,0.005102133650259418,0.004032363084661986,0.008530510624568504,0.0032465018271363665
14,0.03637254518071318,0.42604646593515055,0.2089300524484393,0.052412355694051095,5.757766942626981e-07,0.08283058514227354,0.00360051879875051,0.03116483827994244,0.008359474531609415,0.04510038479550863,0.01905223510205948,0.06452234859782516,7.337254611771755e-08,0.00529370183076983,0.004061003841090725,0.008905663222152485,0.0033471774504231044
15,0.03534744342900363,0.42363114349697034,0.21075989241674434,0.051985775784804934,5.9426242583399e-07,0.08249315311567389,0.0037169331651619696,0.031117073182923883,0.008547749993451093,0.04467495448064995,0.019199451600691815,0.0662404979573006,7.127893252838969e-08,0.005480104546808543,0.004087583747306723,0.009273125837170139,0.0034444517039798174
16,0.03439960705635987,0.42130170085613067,0.21247696237497063,0.05157842553738831,6.122137218224419e-07,0.08216406665795466,0.003830009643604587,0.031067745132098368,0.008728585319081541,0.04427017994169702,0.019337151941953925,0.06789883174520468,6.934392160747376e-08,0.005661719904162479,0.004112332493951804,0.009633401373642646,0.003538598464155511
17,0.033519686165462866,0.4190518559770678,0.21409273790777328,0.05118859025079037,6.2966963023894e-07,0.08184298274559632,0.003939991258000815,0.031017202370839755,0.00890260366264435,0.04388412607814196,0.01946632254022987,0.06950208570214128,6.754826359684056e-08,0.005838880674488567,0.004135444365055233,0.009986936190079183,0.003629856893794643
18,0.03269985333592494,0.4168760026733365,0.2156170499618786,0.05081477944319655,6.466646154442338e-07,0.08152956114307133,0.004047092563427405,0.03096572599905217,0.009070348835755259,0.04351512092283099,0.019587806891917806,0.07105441265753303,6.587584974365941e-08,0.006011881682030819,0.00415708511224205,0.010334128918353894,0.003718437318983642
19,0.031933497583447996,0.4147691181720126,0.21705838447145243,0.050455688960727815,6.632292842806038e-07,0.08122347019707606,0.004151504149709488,0.03091354452050836,0.009232298607868348,0.04316170964731724,0.019702331810329526,0.0725594779594182,6.431307991713212e-08,0.0061809856967139035,0.004177397241317499,0.010675337556985411,0.003804525882750972
20,0.031214990526560082,0.412726685414947,0.21842411665930334,0.050110170818158356,6.793909698576382e-07,0.08092439026407004,0.0042533962631023095,0.030860844818032262,0.009388875285196833,0.04282261824394677,0.019810527908084925,0.07402053572590452,6.284837961835494e-08,0.00634642818917674,0.0041965041315190545,0.01101088523901936,0.0038882882736289096
21,0.030539505410369903,0.410744627546114,0.21972069641058756,0.049777208944751454,6.951742058073328e-07,0.08063201559733724,0.00435292174919652,0.030807780536527354,0.009540454217411534,0.04249672453232668,0.019912945777494608,0.07544049042807323,6.147182630632254e-08,0.0065084212069941695,0.004214513283419813,0.011341064968619741,0.003969872744744034
22,0.029902875393152076,0.40881925247157724,0.22095379650156222,0.04945589949419821,7.106011152180064e-07,0.08034605523096927,0.004450218466948288,0.03075447855804276,0.009687370706188005,0.04218303478055459,0.020010068909711194,0.07682194711187192,6.017485689572943e-08,0.006667156564013827,0.004231518907478376,0.01166614354573923,0.0040494125820206865
23,0.029301481388814634,0.4069472057573638,0.22212843227983145,0.04914543472096945,7.256917323592398e-07,0.08006623321405458,0.004545411286008839,0.030701044054212787,0.009829925666823827,0.04188066468080666,0.02010232411092096,0.07816725271964706,5.8950036337268456e-08,0.006822808486874623,0.004247604007419298,0.011986364844714565,0.004127028139769092
24,0.028732162430446757,0.40512543044729854,0.2232490591553573,0.0488450896716167,7.404642709223157e-07,0.07979228842924402,0.004638613752372664,0.030647564465371386,0.009968390306582487,0.04158882373784854,0.02019008997575048,0.0794785303658679,5.7790872726304074e-08,0.006975535828218772,0.004262842072158162,0.01230195257371422,0.00420282853300882
25,0.028192143387075267,0.4033511326429028,0.22431965266645992,0.04855421111856582,7.549353492977924e-07,0.07952397415179872,0.004729929487537298,0.030594112661089818,0.010103010020090489,0.04130680235880221,0.020273703837012377,0.0807577079815143,5.6691668251762004e-08,0.0071254839308079665,0.004277298461215959,0.012613112613279298,0.004276913054830266
26,0.027678976189648978,0.40162175189891286,0.22534377473179693,0.0482722082957234,7.691201810434346e-07,0.07926105745349113,0.004819453371702905,0.030540749470198948,0.010234007655689607,0.04103396110022657,0.020353467509060013,0.08200654241779788,5.564739803760661e-08,0.007272786207988175,0.004291031547825104,0.012920035010782736,0.004349372371575595
27,0.027190491673995548,0.3999349356591408,0.22632462885470367,0.04799854509335638,7.830327369230477e-07,0.0790033185211242,0.004907272550562378,0.030487525720691164,0.010361586272195727,0.04076972165251052,0.020429652067517096,0.08322663985871741,5.4653610898832297e-08,0.0074175654918621735,0.004304093668779413,0.013222895691459539,0.004420289537035633
28,0.026724759841362685,0.3982885170957487,0.2272651064203293,0.047732733443582996,7.966858835553878e-07,0.07875054993611051,0.004993467296923644,0.030434483895399538,0.010485931479654232,0.04051355923420344,0.02050250185299695,0.08441947321030331,5.370634746730725e-08,0.0075599351898407606,0.004316531918881935,0.013521857934315611,0.004489740858115476
29,0.026280056847490237,0.39668049582689435,0.22816782575696934,0.04747432768398378,8.10091502686776e-07,0.07850255594573242,0.005078111752052597,0.030381659484102083,0.010607213438065928,0.04026499613885536,0.020572237845148236,0.08558639699614616,5.2802072198300883e-08,0.007700000282050497,0.004328388819474553,0.013817073651706027,0.004557796637753305
30,0.025854837411150213,0.39510902107835866,0.22903516527795317,0.04722291972995071,8.23260594309532e-07,0.07825915174594188,0.005161274566720449,0.030329082094017218,0.010725588573030872,0.040023596230287665,0.020639060522150532,0.08672866018256624,5.1937616554217894e-08,0.007837858185736353,0.004339702884213089,0.014108684503968945,0.004624521815742956
31,0.025447711618891866,0.3935723769283794,0.22986929174910092,0.04697813491976253,8.362033662319726e-07,0.0780201627882092,0.0052430194581191076,0.03027677636669765,0.010841201055641151,0.0397889602232636,0.020703152296956316,0.08784741727438718,5.1110131252843475e-08,0.007973599507848378,0.004350509100432957,0.014396822874690244,0.004689976524122114
32,0.025057425319727038,0.3920689693349174,0.23067218451757412,0.046739628422422304,8.489293122217841e-07,0.07778542411792327,0.005323405695809069,0.030224762738807406,0.010954184084897147,0.03956072161839018,0.020764679603222834,0.08894373795785819,5.031704591585545e-08,0.008107308703107309,0.0043608393407438915,0.014681612727578341,0.004754216570663614
33,0.02468284346970064,0.39059731469361336,0.2314456563752973,0.046507082118775085,8.614472804617556e-07,0.07755477974844271,0.005402488527490022,0.030173058076259435,0.011064661003805524,0.0393385431850095,0.020823794689624465,0.09001861551649083,4.955603479674882e-08,0.008239064651754616,0.004370722716617073,0.014963170362263871,0.004817293861540549
34,0.024322935914660875,0.38915602971493457,0.23219137160269998,0.0462802018826498,8.737655337515718e-07,0.07732808207259752,0.005480319553492583,0.03012167620505497,0.011172746274682255,0.03912211390547967,0.020880637170079402,0.09107297420526636,4.882498753248877e-08,0.0083689411687259,0.004380185883480243,0.015241605083400734,0.004879256772274021
35,0.023976765199456653,0.3877438224421482,0.23291086163795835,0.046058715201709885,8.858918026446476e-07,0.07710519131191076,0.005556947057370705,0.03007062835742343,0.011278546334691414,0.03891114630984299,0.020935335368627097,0.09210767573643627,4.81219840695299e-08,0.00849700745400206,0.0043892533050661955,0.015517019795067786,0.004940150474501474
36,0.023643476070126197,0.38635948425915023,0.2336055387369904,0.045842369088081654,8.978333325110933e-07,0.07688597500280929,0.005632416298747947,0.03001992354817292,0.011382160349045014,0.038705374142334895,0.020988007490709972,0.09312352500420493,4.7445273076579074e-08,0.00862332849228711,0.004397947483356076,0.01578951153054059,0.005000017224837327
37,0.02332228639748387,0.38500188275990155,0.2342767079255318,0.04563092823721602,9.095969253572988e-07,0.07667030751845814,0.005706769773573906,0.029969568893271376,0.011483680876377828,0.03850455031120619,0.021038762647029752,0.09412127515458375,4.679325328413161e-08,0.008747965408854438,0.0044062891593383635,0.01605917192592332,0.005058896621070943
38,0.02301247929965333,0.38366995537015564,0.23492557749317375,0.04542417340024915,9.211889771013927e-07,0.07645806962447657,0.005780047446132803,0.02991956988039975,0.011583194458444508,0.03830844508143213,0.02108770175166312,0.09510163208960573,4.6164457292230204e-08,0.008870975787332796,0.004414297488904373,0.016326087644832506,0.0051168258301094215
39,0.02271339628038384,0.3823627036279721,0.23555326823759845,0.04522189994068724,9.326155108957921e-07,0.07624914806658407,0.005852286956476575,0.029869930599413137,0.011680782144356429,0.03811684447647094,0.021134918312489606,0.09606525848108508,4.555753746895626e-08,0.008992413954322381,0.004421990197473921,0.016590340760251628,0.005173839791386238
40,0.02242443123158311,0.38107918804278706,0.23616082163335753,0.04502391655080469,9.438822069991871e-07,0.07604343518814591,0.005923523806402366,0.029820653939205178,0.011776519957986366,0.03792954886062205,0.021180499129035798,0.0970127773575787,4.497125362734542e-08,0.009112331235002437,0.004429383716354189,0.016852009098783507,0.005229971398890462
41,0.022145025174049267,0.37981852346397094,0.23674920707180666,0.04483004410690734,9.549944296262944e-07,0.07584082857557506,0.005993791526635418,0.02977174175631492,0.01187047931586224,0.037746371677961764,0.021224524910424605,0.09794477531867482,4.440446222111313e-08,0.009230776183285922,0.00443649330335234,0.01711116655178438,0.005285251664502556
42,0.02187466163115505,0.3785798748992401,0.23731932829600974,0.044640114645731026,9.65957251142053e-07,0.07564123072960005,0.006063121827495925,0.02972319501968557,0.0119627274017832,0.03756713832748876,0.021267070824138243,0.09886180542280572,4.385610684241157e-08,0.009347794789570684,0.004443333149766613,0.017367883357238923,0.005339709864932426
43,0.021612862547206648,0.37736245373128113,0.2378720291355925,0.0444539704468408,9.767754739155092e-07,0.07544454876048115,0.006131544735008061,0.029675013935230646,0.012053327503488627,0.037391685157145416,0.021308206984665855,0.09976438978816847,4.332520983981877e-08,0.009463430668712098,0.004449916475554167,0.017622226355711496,0.005393373674229381
44,0.021359184676128355,0.3761655142877331,0.23840809863089402,0.04427146320806377,9.874536501050813e-07,0.07525069410536436,0.006199088714140207,0.029627198053249627,0.012142339315952988,0.03721985856190578,0.021347998889751356,0.10065302194078952,4.281086490347452e-08,0.00957772523048489,0.004456255614203422,0.017874259223264022,0.0054462692835595804
45,0.021113216377612376,0.3749883507254747,0.23892827562274277,0.044092453302809705,9.979960996103605e-07,0.07505958226606484,0.006265780780637918,0.029579746361234165,0.012229819215244067,0.03705151417323534,0.021386507810825833,0.10152816893910366,4.2312230487961145e-08,0.009690717834499162,0.0044623620886137865,0.01812404268385541,0.00549842150971607
46,0.020874574767385648,0.37383029419510777,0.23943325287328107,0.043916809109664674,1.0084069263946382e-06,0.0748711325656923,0.006331646602718372,0.029532657364195216,0.012315820506346593,0.03688651612900206,0.021423791143265845,0.10239027330046681,4.182852396311534e-08,0.009802445931279408,0.004468246679097534,0.018371634703415348,0.005549853893631003
47,0.02064290317615882,0.3726907102557828,0.23992368077410944,0.0437444064059411,1.0186900333557914e-06,0.07468526792263877,0.006396710593731377,0.02948592915430238,0.012400393647899076,0.036724736414413955,0.02145990272132502,0.10323975475168316,4.135901639927681e-08,0.00991294519099667,0.004473919484461189,0.018617090667512437,0.005600588789993933
48,0.020417868878428183,0.37156899651416675,0.2404001706903013,0.043575127817964805,1.0288491359008452e-06,0.07450191464056678,0.0064609959967518475,0.029439559471347437,0.012483586456406645,0.03656605426582665,0.021494893101917698,0.10407701182277071,4.0903027907072546e-08,0.010022249621157076,0.0044793899769909554,0.0188604635443008,0.005650647448938831
49,0.020199161057838793,0.37046458046450087,0.24086329798230394,0.04340886232181779,1.0388877743600231e-06,0.07432100221313333,0.006524524961948933,0.02939354575531074,0.012565444292163793,0.03641035563033658,0.0215288098208707,0.10490242330076477,4.045992346324885e-08,0.010130391674389803,0.004484667052054549,0.01910180403422654,0.005700050090641489
50,0.019986488980475035,0.36937691750942936,0.24131360474219818,0.04324550478905375,1.0488093253597462e-06,0.0741424631422952,0.006587318617474177,0.029347885192116466,0.012646010228840323,0.03625753267499402,0.021561697624776322,0.105716349558268,4.002910916365277e-08,0.010237402347339816,0.004489759072936956,0.01934116070780222,0.005748815973565479
51,0.019779580351376582,0.3683054891436365,0.24175160227606088,0.04308495557258895,1.0586170122596001e-06,0.07396623276912796,0.006649397134522102,0.0293025747535007,0.01272532520844255,0.03610748334025076,0.021593598681175604,0.10651913376966757,3.961002885255995e-08,0.010343311271551615,0.004494673911446596,0.019578580132605026,0.0057969634570055354
52,0.019578179832908188,0.3672498012843856,0.24217777336013377,0.04292712012855912,1.0683139147460106e-06,0.07379224911618068,0.006710779787140169,0.029257611231780615,0.01280342818315466,0.03596011093292921,0.02162455276944812,0.10731110302639321,3.9202161084400644e-08,0.01044814679712723,0.004499418984759489,0.019814106990523526,0.005844510058500408
53,0.01938204770644153,0.36620938273484793,0.24259257429504755,0.0427719086704416,1.0779029776647248e-06,0.07362045274047203,0.006771485007298512,0.02921299127019957,0.012880356245385204,0.035815323754577605,0.021654597454490266,0.10809256936125712,3.8805016379763676e-08,0.010551936069852634,0.004504001288909943,0.02004778418616392,0.0058914725066204375
54,0.01919095866121937,0.3651837837676638,0.24299643677936428,0.042619235852178895,1.0873870191647964e-06,0.07345078659630265,0.006831530435672073,0.029168711389426064,0.012956144747190316,0.0356730347615713,0.021683768245003236,0.10886383069075568,3.84181347425187e-08,0.010654705102408747,0.004508427429285604,0.020279652947226914,0.005937866789577373
55,0.019004700696334444,0.3641725748175531,0.24338976962114217,0.042469020477420405,1.0967687382187794e-06,0.07328319590713334,0.00689093296853748,0.029124768010704332,0.01303082741010927,0.03553316125375145,0.021712098737994748,0.10962517168320868,3.804108340914142e-08,0.010756478840215347,0.004512703648441026,0.020509752917578956,0.00598370820005374
56,0.018823074123523263,0.36317534527298956,0.24377296030400633,0.04232118523233017,1.1060507215766945e-06,0.07311762804583596,0.006949708801142975,0.029081157476084453,0.013104436426331814,0.03539562458876685,0.02173962075090433,0.11037686455973432,3.767345480496541e-08,0.01085728122239705,0.004516835851506324,0.020738122243665138,0.006029011376604923
57,0.01864589065999537,0.3621917023580074,0.24414637642228468,0.04217565643969372,1.1152354502051812e-06,0.0729540324226868,0.007007873467871237,0.029037876066101583,0.01317700255201465,0.0352603499196052,0.021766364442598895,0.11111916983428964,3.731486468520936e-08,0.010957135238308394,0.004520829629434773,0.02096479765484352,0.006073790341948994
58,0.01847297260182851,0.3612212700961383,0.24451036699810041,0.04203236383230997,1.1243253052577644e-06,0.07279236038051978,0.007065441879481163,0.028994920015224388,0.013248555193474712,0.03512726595308586,0.021792358424340557,0.11185233699833846,3.696495044132325e-08,0.011056062980009189,0.004524690280305059,0.02118981453816225,0.006118058538425545
59,0.01830415206959292,0.36026368834929784,0.2448652636918553,0.04189124034387328,1.1333225736174553e-06,0.07263256509650923,0.0071224283576848315,0.02895228552534986,0.013319122486909666,0.03499630472733087,0.021817629861703814,0.11257660515511643,3.662336955552791e-08,0.01115408569104138,0.004528422828869043,0.02141320700804742,0.006161828860875139
60,0.018139270318849206,0.3593186119251652,0.24521138191626898,0.04175222191574278,1.1422294530485878e-06,0.07247460149009295,0.007178846667289778,0.028909968777584654,0.013388731372225791,0.03486740140644741,0.02184220456831035,0.11329220360794533,3.628979818843947e-08,0.011251223811822704,0.004532032044514787,0.02163500797132362,0.006205113687165192
61,0.017978177109016263,0.3583857097472401,0.24554902186302666,0.04161524731816608,1.1510480569911947e-06,0.07231842613658823,0.007234710046113497,0.028867965942523117,0.013457407661495191,0.03474049409084485,0.021866107092154034,0.11399935240659516,3.5963929886421764e-08,0.0113474970219414,0.004535522457795485,0.021855249187948622,0.006247924906564863
62,0.01782073012484765,0.3574646640823341,0.2458784694501116,0.041480257984672864,1.1597804190278093e-06,0.0721639971860892,0.00729003123285646,0.02882627318920334,0.013525176102508514,0.03461552364177405,0.021889360795204985,0.11469826285528004,3.564547439683384e-08,0.01144292427960775,0.00453889837565873,0.022073961327805938,0.006290273946151364
63,0.017666794445402326,0.35655516982076063,0.246199997197047,0.04134719785848679,1.168428497049738e-06,0.07201127428726703,0.007344822493102055,0.02878488669290138,0.013592060437843872,0.034492433518826304,0.02191198792690875,0.11538913798552951,3.5334156580673134e-08,0.011537523858494391,0.004542163895496139,0.02229117402386816,0.006332171795412074
64,0.017516242055961362,0.35565693380493496,0.24651386503450862,0.041216013249918124,1.1769941771471856e-06,0.0718602185157258,0.0073990956435952,0.028743802641902037,0.013658083459830777,0.03437116962925545,0.0219340096921311,0.11607217299684583,3.5029715413277985e-08,0.011631313382174251,0.004545322918120514,0.022506915922012823,0.00637362902919084
65,0.01736895139883837,0.35476967420250516,0.24682032105411292,0.04108665270380541,1.1854792772453696e-06,0.07171079230659368,0.007452862074937508,0.028703017243368347,0.013723267061749879,0.034251680188104344,0.021955446314042573,0.11674755566778734,3.4731903064767714e-08,0.011724309856346135,0.004548379159766754,0.022721214727748764,0.006414655829112544
66,0.017224806959466966,0.35389311992049094,0.24711960220359092,0.040959066876163984,1.1938855505066523e-06,0.0715629593910557,0.007506132772823603,0.028662526728416488,0.013787632285577058,0.03413391558821562,0.02197631709238645,0.11741546673986092,3.444048405279847e-08,0.011816529699020304,0.004551336163202712,0.02293409725008637,0.00645526200360771
67,0.017083698884531442,0.3530270100572273,0.24741193493203714,0.04083320841928092,1.2022146885168295e-06,0.07141668473655603,0.007558918337931951,0.028622327356489452,0.013851199366551723,0.03401782827929867,0.021996640457528683,0.11807608027638453,3.415523446100011e-08,0.011907988768820064,0.004554197308027525,0.02314558944276463,0.006495457006646979
68,0.01694552262924477,0.35217109338920816,0.24769753578946388,0.040709031874569465,1.2104683242722031e-06,0.07127193449042046,0.007611229004573303,0.02858241541911243,0.01391398777482118,0.033903372655304194,0.022016434020649633,0.11872956399828159,3.387594121714789e-08,0.011998702391542477,0.004556965820227238,0.02335571644302969,0.00653524995528587
69,0.016810178631176294,0.35132512789017134,0.24797661198447543,0.04058649357255896,1.2186480349823914e-06,0.07112867592666733,0.007663074658190312,0.028542787243101733,0.013976016254391665,0.03379050494942813,0.022035714620401884,0.11937607959858926,3.36024014257424e-08,0.012088685385107526,0.004559644781050595,0.02356450260814213,0.006574649646110723
70,0.016677572008295095,0.3504888802800112,0.2482493619035132,0.04046555153945589,1.2267553447027399e-06,0.07098687739579448,0.007714464851794187,0.028503439193291534,0.014037302859594161,0.03367918313613332,0.022054498366326645,0.12001578303730295,3.333442175020588e-08,0.012177952083014523,0.004562237135261826,0.02377197154977532,0.0066136645706687544
71,0.016547612279129535,0.3496621256013095,0.24851597559479557,0.04034616540976162,1.234791726808693e-06,0.0708465082773465,0.0077654088214161796,0.028464367674834512,0.014097864989254867,0.033569366839629564,0.02207280067929433,0.12064882481803563,3.307181784039294e-08,0.01226651635641411,0.004564745698821837,0.023978146166454,0.006652302929957822
72,0.01642021310314996,0.3488446468214635,0.24877663521978371,0.040228296344480455,1.2427586063237787e-06,0.07070753893507717,0.00781591550064544,0.02842556913512608,0.014157719418743695,0.033461017248309015,0.02209063632920936,0.12127535024783877,3.281441380152689e-08,0.012354391634894686,0.004567173166044248,0.024183048674168813,0.006690572648045055
73,0.01629529203966768,0.3480362344585671,0.2490315154747466,0.04011190695449227,1.2506573621115012e-06,0.0705699406745428,0.007865993534318558,0.028387040065396354,0.014216882330058522,0.03335409703467468,0.022108019470197256,0.12189549968142097,3.256204170106728e-08,0.012441590926074414,0.004569522116268566,0.02438670063529294,0.006728481384877431
74,0.01617277032370641,0.3472366862293471,0.24928078398475795,0.03999696122870105,1.2584893289408987e-06,0.07043368570296712,0.007915651291420715,0.02834877700200828,0.014275369340089366,0.03324857028034486,0.02212496367347177,0.12250940875088796,3.2314541110335615e-08,0.012528126834081783,0.004571795020088631,0.024589122985914633,0.006766036548342095
75,0.01605257265745001,0.3464458067176041,0.24952460167225635,0.039883424466605734,1.2662557994345145e-06,0.07029874709123515,0.007964896877253137,0.028310776527496896,0.0143331955271944,0.03314440240574992,0.02214148195806262,0.12311720858203808,3.2071758678044064e-08,0.012614011577001483,0.00457399424517131,0.024790336061692984,0.006803245305629413
76,0.015934627016000874,0.34566340706173015,0.24976312310210386,0.039771263214969224,1.273958025906853e-06,0.07016509873788236,0.00801373814491771,0.02827303527137944,0.014390375456208965,0.033041560104173154,0.022157586819567473,0.12371902599815959,3.183354773312539e-08,0.012699257003355632,0.004576122061697035,0.024990359622333508,0.006840114593947358
77,0.01581886446630128,0.34488930465999124,0.249996496804913,0.03966044520828836,1.281597222100842e-06,0.07003271533495259,0.008062182706164756,0.028235549910764057,0.01444692320199799,0.03294001127981693,0.02217329025707813,0.12431498371219928,3.159976791451707e-08,0.012783874607685186,0.004578180647451062,0.025189212874773836,0.0068766511306319845
78,0.015705218998174248,0.34412332289236863,0.25022486558025797,0.03955093931279431,1.289174564829071e-06,0.06990157233561281,0.008110237941647018,0.028198317170780796,0.014502852371653538,0.032839724989601915,0.02218860379841739,0.12490520050810058,3.137028482575571e-08,0.012867875545291481,0.004580172092591865,0.02538691449516278,0.0069128614226948906
79,0.015593627366535644,0.34336529085784506,0.250448366781245,0.0394427154737329,1.2966911955261785e-06,0.06977164592341423,0.008157911010618897,0.028161333824855785,0.014558176125431232,0.03274067138843209,0.02220353852381146,0.12548979141204475,3.114496971244069e-08,0.012951270646192066,0.0045820984041206264,0.02558348264970932,0.00694875177584564
80,0.01548402894391333,0.34261504312611246,0.25066713258179796,0.03933574466569688,1.3041482217181815e-06,0.06964291298310214,0.008205208860117535,0.028124596694848097,0.01461290719651109,0.03264282167767988,0.02221810508811213,0.12606886785427449,3.09236991607971e-08,0.01303407042834269,0.004583961510073993,0.025778935014472294,0.0069843283030239026
81,0.015376365582486133,0.34187241950275343,0.2508812902278959,0.03922999884579934,1.3115467184141402e-06,0.0695153510728811,0.008252138233659083,0.028088102651065955,0.014667057909662273,0.03254614805666655,0.02223231374167364,0.1266425378221206,3.0706354815720115e-08,0.013116285110171438,0.004585763263460078,0.025973288794157622,0.007019596932473493
82,0.015270581484923352,0.34113726480702206,0.2510909622739008,0.03912545090949454,1.318887729425091e-06,0.06938893839804898,0.008298705679481202,0.02805184861217668,0.014720640198884303,0.03245062367693091,0.022246174349979872,0.1272109060048094,3.049282311683358e-08,0.01319792462246885,0.0045875054459562714,0.026166560739982147,0.007054563415387903
83,0.015166623083368176,0.34040942866141677,0.2512962668050216,0.03902207464886823,1.3261722686149375e-06,0.06926365378591967,0.00834491755836052,0.028015831545024465,0.014773665624092203,0.032356222599095055,0.022259696412110185,0.12777407393058146,3.028299505121068e-08,0.013278998619674338,0.00458918977138586,0.026358767166662814,0.007089233333154977
84,0.015064438925964044,0.3396887652922947,0.2514973176468723,0.03891984471323245,1.3334013210874232e-06,0.06913947666195885,0.008390780051031431,0.02798004846436724,0.014826145386908114,0.03226291975215243,0.02227288907812514,0.1283321400966142,3.007676592152998e-08,0.013359516490595745,0.004590817888988834,0.026549923968581794,0.0071236121042258715
85,0.014963979570373764,0.33897513334083657,0.2516942245630101,0.038818736571873354,1.3405758443132675e-06,0.06901638702706424,0.008436299165231068,0.027944496432543396,0.014878090345615965,0.03217069089501639,0.0222857611654458,0.12888520009220197,2.98740351285387e-08,0.01343948736859695,0.004592391386501411,0.026740046635177577,0.007157704990631931
86,0.014865197483786834,0.33826839568371814,0.2518870934412676,0.038718726478812096,1.3476967692009872e-06,0.06889436543592331,0.0084814807423931,0.02790917255907752,0.014929511029333268,0.03207951258017954,0.022298321174296438,0.12943334671561577,2.9674705966789418e-08,0.013518920141285471,0.00459391179305726,0.026929150265607053,0.0071915171041713214
87,0.01476804694895241,0.33756841926289116,0.25207602646962823,0.03861979143944847,1.354765001114971e-06,0.06877339297638829,0.008526330464011668,0.027874074000233638,0.014980417651448611,0.031989362119346096,0.022310577302272337,0.12997667008503413,2.9478685432700863e-08,0.013597823459729909,0.00459538058192266,0.027117249582720354,0.007225053412285459
88,0.014672483975812644,0.3368750749239221,0.2522611223023393,0.0385219091789678,1.36178142084378e-06,0.06865345124981219,0.00857085385769496,0.027839197958523576,0.015030820122370715,0.03190021755091006,0.02232253745809275,0.1305152577439045,2.928588404407703e-08,0.01367620574723475,0.004596799173076717,0.0273043589463887,0.007258318743644203
89,0.014578466218345588,0.33618823726237135,0.2524424762169027,0.038425058112400254,1.3687468855217474e-06,0.06853452235229021,0.00861505630292711,0.027804541682176463,0.015080728061631557,0.03181205760916134,0.022334209274591014,0.13104919476107674,2.9096215670278698e-08,0.013754075207698908,0.004598168935646989,0.027490492366221236,0.007291317793457151
90,0.01448595289625813,0.3355077844777365,0.2526201802625337,0.03832921731622867,1.3756622295065703e-06,0.06841658885675961,0.008658943036555069,0.027770102464575872,0.015130150809382374,0.03172486169510994,0.022345600120993334,0.13157856382601626,2.890959737231448e-08,0.013831439833581188,0.004599491190210012,0.027675663513705307,0.007324055128527189
91,0.014394904721197534,0.3348335982345115,0.2527943234006365,0.038234366501450255,1.3825282652154058e-06,0.0682996337959086,0.008702519158016585,0.02773587764366928,0.015179097437319763,0.03163860984882763,0.02235671711453058,0.1321034453393917,2.872594925217191e-08,0.013908307413495921,0.004600767210965582,0.027859885733802544,0.007356535192061568
92,0.014305283827176423,0.33416556352994914,0.2529649916378038,0.03814048598800283,1.3893457839218928e-06,0.06818364064585246,0.008745789634324095,0.027701864601355205,0.015227576759075089,0.03155328272321284,0.022367567131427412,0.13262391749930652,2.8545194310763836e-08,0.013984685539459219,0.004601998227792854,0.028043172056029693,0.0073887623082544256
93,0.014217053704929056,0.3335035685681372,0.25313226815180834,0.03804755668047345,1.3961155565163047e-06,0.06806859331053468,0.008788759304818131,0.027668060762851204,0.015275597340099319,0.0314688615590918,0.022378156817306455,0.13314005638342685,2.8367258313911894e-08,0.01406058161380531,0.004603185428195937,0.028225535205053578,0.007420740686653946
94,0.014130179139939037,0.33284750464002955,0.25329623341102614,0.03795556004501252,1.4028383342308515e-06,0.0679544761068143,0.00883143288570349,0.027634463596047355,0.015323167507072417,0.0313853281615748,0.022388492597045836,0.133651936027242,2.819206966583772e-08,0.014136002855791604,0.004604329959145834,0.028406987610824882,0.0074524744263262735
95,0.014044626153897692,0.3321972660090936,0.25345696528769174,0.03786447808738233,1.4095148493321707e-06,0.06784127375020547,0.00887381497437984,0.027601070610847912,0.015370295356865266,0.03130266487759221,0.02239858068412252,0.13415962849867483,2.8019559289664298e-08,0.01421095630790909,0.004605432928825297,0.028587541418275988,0.007483967519827829
96,0.013960361949370425,0.33155274980225835,0.253614539165365,0.03777429333207294,1.4161458157826594e-06,0.06772897134123218,0.008915910053578448,0.027567879358503827,0.015416988765078613,0.031220854574539998,0.02240842708947395,0.13466320396925052,2.78496605144772e-08,0.014285448841914378,0.0046064954082826225,0.028767208496606203,0.007515223856996379
97,0.013877354857465588,0.3309138559058723,0.2537690280409577,0.03768498880242428,1.4227319298724978e-06,0.06761755435236891,0.008957722495315042,0.02753488743093966,0.015463255394184503,0.031139880619969914,0.02241803762990706,0.1351627307820123,2.7682308968521065e-08,0.014359487164598152,0.004607518432999889,0.028946000448175056,0.007546247228571168
98,0.013795574288314308,0.3302804868663908,0.2539205026216443,0.03759654800169591,1.4292738708238415e-06,0.06750700861553506,0.008999256564669367,0.02750209246007597,0.015509102701290812,0.031059726862263354,0.022427417936081735,0.1356582755163646,2.7517442478141757e-08,0.014433077823303931,0.004608503004380929,0.029123928617024435,0.007577041329651085
99,0.013714990684184795,0.3296525477955394,0.2540690314169626,0.03750895489503098,1.4357723013686894e-06,0.06739732031011776,0.009040516423399977,0.02746949211715,0.01555453794555135,0.030980377612231668,0.022436573460094443,0.1361499030500117,2.7355000972111724e-08,0.014506227211210684,0.004609450091163857,0.02930100409704825,0.007607609763000035
100,0.008836874719189784,0.2382049093236006,0.208662536881419,0.03582338500182741,3.346501551197406e-06,0.06308543307884101,0.052108925594353456,0.049988540218740385,0.07319393149172831,0.07693002626766918,0.014483559550770408,0.09885102902917844,1.8812392759623136e-06,0.006623612563496109,0.006885039844154457,0.035293328819320104,0.031023639874883886
101,0.010224529507348982,0.25931893254504573,0.2171101593745001,0.037867364564517156,2.9207261516673387e-06,0.06629554724702964,0.04064072190398885,0.048132635184656394,0.05968829050046104,0.07244406018835069,0.015558126386415943,0.10075712533071632,1.2221630760944152e-06,0.007029647273439094,0.006682605591548939,0.03282762060258508,0.02541849091016816
102,0.011720031760808845,0.2796781665545381,0.2237982213088506,0.03965558513476853,2.525407519730881e-06,0.06902087368457098,0.03140158213720833,0.045914477383965355,0.04822186774025462,0.06758502925490557,0.016556941045436348,0.10174455188023235,7.866021000998297e-07,0.007391166200869386,0.006425782522962197,0.030250113611266394,0.02063229776974259
103,0.013325578409099393,0.2991952725124997,0.22882577367177073,0.04119224563478977,2.165927541823398e-06,0.07127682883963196,0.02406652968558518,0.04344416715061085,0.0386429914542043,0.06254175356821028,0.017477315818343084,0.10191037105441696,5.021724337856477e-07,0.0077083997158605205,0.006128836570235091,0.027649446328264493,0.016611821486502025
104,0.015045161124188805,0.31783694952442504,0.23233077539825867,0.04248934813928717,1.8446325672186378e-06,0.07309198895581846,0.01831592706145358,0.04081941723567449,0.030750412349951253,0.05747025120340574,0.018319889904108926,0.10136291603929562,3.1834946902157157e-07,0.007983052381408956,0.005804750425815955,0.025095702755225918,0.013281294519645265
105,0.016884422328973345,0.33560825143582934,0.23446991918970872,0.043563549418439304,1.5615446596049858e-06,0.07450231708900265,0.013855523180084962,0.03812244212389903,0.024322585471984293,0.052492194134022244,0.01908752303193287,0.10021169282494068,2.0060140948981918e-07,0.008217738562090258,0.005464716706154751,0.022640753364958487,0.010554608991909789
106,0.018850436330235237,0.35253863079676523,0.2354037423621159,0.04443368007614243,1.3150576260438582e-06,0.07554672063934956,0.010427082033043473,0.03541934001769088,0.019138785266651095,0.04769712413983979,0.019784365469877926,0.09856064529185805,1.2575048470456858e-07,0.008415530520350675,0.005117968289823554,0.020320211457265373,0.008344296500880031
107,0.02095147234320613,0.36867079621477183,0.23528678307531486,0.04511897762272589,1.1025368121328052e-06,0.0762639673855446,0.007811970441878285,0.03276107586239085,0.014992599555714707,0.043146701733410196,0.02041515200817068,0.09650428958008907,7.847716312294621e-08,0.008579631167859486,0.0047718355543662095,0.018156139557801963,0.006567426882780145
108,0.02319677396498308,0.38405255815665507,0.2342618685357059,0.04563794897754027,9.207915296253086e-07,0.07669076562206718,0.005830130747446509,0.03018531749458216,0.011699287537997836,0.03887970066085595,0.020984711935227777,0.09412599924698885,4.8786181240205884e-08,0.008713158996723466,0.004431933636385808,0.016159901286525193,0.005148973622604146
109,0.02559637158183601,0.3987313292526542,0.23245743799482677,0.046007725104674844,7.664208397625888e-07,0.07686073363813054,0.004336444279397625,0.02771858867470005,0.009098706610825553,0.03491692543986094,0.021497659441225087,0.0914977373105589,3.022651845736342e-08,0.008819022137258456,0.004102407537730013,0.014334800978063925,0.004023313370898565
110,0.028160931960619896,0.41275073981197025,0.22998689632816785,0.04624376680289214,6.360497646893775e-07,0.07680398941849166,0.0032159334121252946,0.025378402507524066,0.007055336132284598,0.031265608110410834,0.021958220759865216,0.0886806587414703,1.86722748424705e-08,0.008899856988082747,0.0037861878357231763,0.012678341141274961,0.003134475327057655
111,0.030901642241819176,0.42614881000917637,0.2269492008664347,0.04635980121506426,5.264787022611759e-07,0.07654713711110782,0.0023787359994792818,0.02317519346047861,0.005456594453288464,0.027923103392519445,0.022370157159667323,0.08572616316934854,1.1504619382319877e-08,0.00895801000434291,0.003485229890878175,0.011184050486133643,0.002435632556939778
