,Prob. car,Prob. walk,Prob. bike
0,0.6978597192805153,0.24818521997494716,0.05395506074453746
1,0.6941838910243429,0.24535826396297392,0.06045784501268323
2,0.6909427670317763,0.2430427588610986,0.06601447410712503
3,0.6880224210359243,0.24106620964352854,0.07091136932054723
4,0.6853510582016462,0.23933270157147832,0.07531624022687534
5,0.6828800333988329,0.2377829882800924,0.07933697832107478
6,0.6805746042929983,0.23637771686004058,0.08304767884696111
7,0.6784089456047904,0.23508931562098834,0.08650173877422124
8,0.6763632480300905,0.23389765998506198,0.08973909198484743
9,0.6744219271201497,0.2327875768428246,0.09279049603702566
10,0.6725724637641654,0.23174732090415792,0.09568021533167674
11,0.6708046238528043,0.23076759961567173,0.09842777653152396
12,0.6691099158511558,0.22984092447602458,0.10104915967281969
13,0.6674812032681685,0.22896116523851873,0.10355763149331279
14,0.6659124211994712,0.22812323495664288,0.10596434384388592
15,0.6643983647178828,0.2273228621063887,0.10827877317572841
16,0.6629345280493191,0.22655642225572253,0.11050904969495835
17,0.661516980398782,0.2258208114337485,0.11266220816746955
18,0.6601422687160782,0.22511334931889146,0.11474438196503034
19,0.6588073405910356,0.22443170415040167,0.11676095525856282
20,0.657509482412668,0.22377383373065005,0.11871668385668191
21,0.6562462692576941,0.22313793852568467,0.12061579221662126
22,0.6550155239016899,0.22252242398604485,0.12246205211226524
23,0.6538152830039429,0.22192586998139924,0.12425884701465786
24,0.6526437689905136,0.2213470057857708,0.12600922522371566
25,0.6514993665055699,0.22078468943842702,0.12771594405600298
26,0.6503806025564991,0.22023789058703588,0.12938150685646496
27,0.6492861296693729,0.21970567612642683,0.13100819420420023
28,0.6482147115158231,0.21918719809994622,0.13259809038423062
29,0.6471652105827436,0.21868168344583308,0.1341531059714233
30,0.6461365775413233,0.21818842525868543,0.13567499719999132
31,0.6451278420380993,0.2177067753032391,0.13716538265866166
32,0.6441381046826187,0.21723613756960947,0.13862575774777183
33,0.6431665300473043,0.21677596269962804,0.14005750725306765
34,0.6422123405277633,0.21632574314571112,0.14146191632652566
35,0.6412748109379284,0.2158850089488724,0.14284018011319918
36,0.6403532637355143,0.21545332404255052,0.1441934122219353
37,0.6394470647903765,0.21503028300501353,0.14552265220461003
38,0.6385556196223253,0.21461550819608924,0.14682887218158536
39,0.6376783700463912,0.2142086472245065,0.1481129827291025
40,0.6368147911729803,0.21380937070073922,0.1493758381262804
41,0.6359643887181854,0.21341737023729795,0.15061824104451665
42,0.635126696586011,0.21303235666423562,0.1518409467497534
43,0.6343012746897329,0.2126540584324518,0.15304466687781537
44,0.633487706984161,0.2122822201813907,0.1542300728344482
45,0.6326855996844359,0.21191660145108063,0.15539779886448352
46,0.6318945796502379,0.21155697552127198,0.1565484448284901
47,0.6311142929170604,0.2112031283628006,0.1576825787201389
48,0.6303444033585456,0.21085485768830642,0.15880073895314806
49,0.629584591465902,0.21051197209113343,0.1599034364429645
50,0.6288345532321484,0.2101742902626883,0.16099115650516319
51,0.6280939991304109,0.209841640279763,0.16206436058982607
52,0.6273626531767884,0.20951385895439353,0.16312348786881814
53,0.6266402520694041,0.2091907912397317,0.1641689566908642
54,0.62592654439623,0.2088722896861908,0.16520116591757925
55,0.6252212899050998,0.20855821394280816,0.16622049615209203
56,0.6245242588300669,0.20824843029934909,0.16722731087058412
57,0.62383523126889,0.20794281126519373,0.16822195746591634
58,0.6231539966069998,0.20764123518148675,0.16920476821151348
59,0.6224803529837825,0.20734358586342294,0.17017606115279452
60,0.6218141067974545,0.20704975226987893,0.17113614093266669
61,0.6211550722451779,0.2067596281979015,0.17208529955692073
62,0.6205030708954125,0.2064731119998223,0.17302381710476525
63,0.6198579312897878,0.20619010632100285,0.17395196238920937
64,0.6192194885720523,0.20591051785641515,0.1748699935715325
65,0.618587584141889,0.20563425712444489,0.17577815873366617
66,0.6179620653315938,0.20536123825646457,0.17667669641194167
67,0.6173427851038081,0.20509137880086364,0.1775658360953282
68,0.616729601768655,0.2048245995403504,0.17844579869099472
69,0.6161223787187832,0.20456082432145406,0.17931679695976285
70,0.6155209841809591,0.20429997989525367,0.1801790359237872
71,0.6149252909829624,0.20404199576845064,0.18103271324858694
72,0.6143351763346524,0.2037868040639843,0.18187801960136338
73,0.6137505216221711,0.2035343393904569,0.18271513898737185
74,0.6131712122143346,0.20328453871970778,0.18354424906595768
75,0.6125971372803423,0.20303734127192374,0.1843655214477341
76,0.6120281896180139,0.20279268840773462,0.18517912197425157
77,0.6114642654918175,0.20255052352678593,0.18598521098139656
78,0.6109052644800202,0.20231079197232243,0.18678394354765743
79,0.610351089330342,0.20207344094135768,0.18757546972830028
80,0.6098016458235449,0.20183841940003933,0.18835993477641577
81,0.6092568426444317,0.201605678003848,0.1891374793517204
82,0.608716591259769,0.20137516902230318,0.1899082397179278
83,0.6081808058026895,0.20114684626786916,0.19067234792944132
84,0.6076494029631576,0.2009206650287801,0.19142993200806224
85,0.6071223018841161,0.20069658200552867,0.1921811161103553
86,0.6065994240629586,0.20047455525077598,0.19292602068626524
87,0.606080693258002,0.20025454411246427,0.19366476262953392
88,0.6055660353996462,0.20003650917992682,0.19439745542042697
89,0.6050553785059487,0.19982041223280664,0.19512420926124466
90,0.6045486526023383,0.19960621619260852,0.19584513120505312
91,0.6040457896452334,0.19939388507672154,0.19656032527804507
92,0.603546723449329,0.19918338395476157,0.19726989259590935
93,0.6030513896183449,0.19897467890709356,0.19797393147456144
94,0.602559725479033,0.19876773698540265,0.19867253753556433
95,0.602071670018262,0.19856252617519335,0.19936580380654464
96,0.6015871638230039,0.1983590153601042,0.20005382081689202
97,0.6011061490230626,0.19815717428793125,0.2007366766890061
98,0.6006285692363938,0.197956973538264,0.20141445722534226
99,0.6001543695168726,0.1977583844916405,0.20208724599148695
100,0.5132877661984959,0.2688348957067907,0.21787733809471344
101,0.5294717639571184,0.26252006212358747,0.20800817391929416
102,0.5455628383126131,0.25607043534020846,0.19836672634717845
103,0.5615284138085931,0.2495062118187218,0.18896537437268504
104,0.5773370769486922,0.24284772576877328,0.1798151972825346
105,0.5929588084423324,0.23611527434926075,0.17092591720840697
106,0.6083651909680975,0.22932894894077033,0.1623058600911321
107,0.6235295898039993,0.22250847517619773,0.1539619350198028
108,0.6384273044200686,0.2156730640891383,0.14589963149079307
109,0.6530356898885413,0.20884127636136274,0.138123033750096
110,0.6673342477121048,0.20203090123899325,0.13063485104890188
111,0.6813046863756782,0.19525885125899084,0.12343646236533092
112,0.6949309525703657,0.18854107349967125,0.11652797392996299
113,0.7081992346024681,0.18189247765610095,0.10990828774143087
114,0.7210979399737086,0.17532688085619733,0.10357517917009415
115,0.7336176494941186,0.16885696878646522,0.0975253817194161
116,0.7457510505641117,0.16249427239515027,0.09175467704073799
117,0.7574928524392471,0.15624915918999957,0.08625798837075345
118,0.768839686375763,0.15013083795004972,0.08102947567418728
119,0.7797899935557617,0.14414737552575205,0.07606263091848617
120,0.7903439036185678,0.1383057243071811,0.07135037207425107
121,0.8005031064912095,0.13261175889229018,0.06688513461650045
122,0.8102707200285963,0.1270703204812418,0.06265895949016191
123,0.8196511557551616,0.12168526755301874,0.05866357669181958
124,0.8286499847562084,0.11645953144068547,0.054890483803106245
125,0.8372738055096837,0.1113951755056161,0.05133101898470028
126,0.8455301151870406,0.10649345671271297,0.04797642810024638
127,0.8534271856932424,0.1017548885225064,0.04481792578425128
128,0.8609739454673392,0.09717930413701031,0.04184675039565032
129,0.8681798678314648,0.09276591925989588,0.03905421290863929
130,0.875054866461199,0.08851339365424314,0.036431739884557744
131,0.8816091983564784,0.08441989089984102,0.0339709107436806
132,0.8878533745208811,0.08048313586438692,0.0316634896147319
133,0.893798078408602,0.07670046950730702,0.029501452084091093
134,0.8994540920723708,0.07306890073011335,0.027477007197515706
135,0.9048322298410413,0.0695851550725951,0.025582615086363798
136,0.9099432792711719,0.06624572012943686,0.02381100059939117
137,0.9147979490510155,0.06304688762716688,0.02215516332181761
138,0.9194068234860029,0.059984792156979196,0.02060838435701788
139,0.9237803231602061,0.05705544660549329,0.019164230234300833
140,0.9279286713463701,0.05425477436356638,0.01781655429006342
141,0.9318618657261108,0.051578638423613314,0.01655949585027581
142,0.9355896549799414,0.04902286749931047,0.01538747752074793
143,0.9391215198123432,0.04658327931886845,0.014295200868788492
144,0.9424666579885641,0.044255701255045105,0.013277640756390874
145,0.9456339729759571,0.042035988462496045,0.012330038561547
146,0.9486320658022203,0.03992003969662711,0.011447894501152616
147,0.9514692297649299,0.03790381098848259,0.010626959246587532
148,0.9541534476503404,0.03598332734796313,0.009863225001696395
149,0.9566923911439067,0.03415469266334241,0.00915291619275094
150,0.9590934221397164,0.03241409795911453,0.008492479901168958
151,0.9613635956805765,0.03075782816705263,0.007878576152370769
152,0.9635096642844627,0.029182267557339586,0.007308068158197596
153,0.9655380834361622,0.02768390396804388,0.006778012595793992
154,0.9674550180449724,0.02625933196229519,0.006285649992732549
155,0.9692663496901477,0.024905255033470814,0.005828395276381548
156,0.9709776844952857,0.0236184869696981,0.00540382853501618
157,0.9725943614909883,0.022395952480138055,0.005009686028873513
158,0.9741214613418904,0.021234687176943472,0.0046438514811662415
159,0.9755638153295324,0.02013183699855348,0.004304347671914089
160,0.9769260144966103,0.01908465715215369,0.003989328351236006
161,0.9782124188708854,0.018090510645728614,0.003697070483385878
162,0.9794271666985849,0.01714686647318927,0.0034259668282259712
163,0.980574183627487,0.016251297509576795,0.0031745188629360953
164,0.9816571917891923,0.015401478167329405,0.0029413300434781527
165,0.9826797187383491,0.014595181859045316,0.002725099402605753
166,0.9836451062139734,0.013830278307064745,0.002524615478961849
167,0.9845565186944977,0.013104730735516821,0.0023387505699854
168,0.9854169517238951,0.012416592976208212,0.00216645529989674
169,0.9862292399912495,0.011764006515849215,0.002006753492901473
170,0.9869960651505014,0.011145197508597706,0.0018587373409009375
171,0.9877199633708907,0.010558473774725607,0.0017215628543836505
172,0.9884033326118854,0.010002221803353036,0.0015944455847617701
173,0.989048439619191,0.009474903774630472,0.0014766566061785037
174,0.9896574266408297,0.008975054614451933,0.0013675187447185248
175,0.9902323178642856,0.008501279092734201,0.0012664030429802718
176,0.9907750255774305,0.008052248974474813,0.0011727254480948638
177,0.9912873560573319,0.007626700231185214,0.0010859437114830203
178,0.9917710151922198,0.007223430318867452,0.0010055544889128521
179,0.9922276138428126,0.0068412955274436416,0.0009310906297437872
180,0.9926586729499541,0.006479208405442568,0.0008621186446033953
181,0.9930656283960853,0.006136135262780405,0.0007982363411344069
182,0.9934498356285101,0.005811093753630022,0.0007390706178600493
183,0.9938125740527181,0.005503150540642173,0.0006842754066397604
184,0.9941550512042324,0.005211419041149471,0.0006335297546182441
185,0.9944784067075536,0.004935057255442615,0.0005865360370037458
186,0.9947837160308146,0.004673265676743576,0.0005430182924418486
187,0.9950719940447157,0.004425285282108161,0.0005027206731760991
188,0.9953441983942376,0.004190395603159271,0.0004654060026031233
189,0.995601232691488,0.003967912875276355,0.0004308544332357343
190,0.9958439495378792,0.003757188263639633,0.0003988621984811019
191,0.9960731533836359,0.003557606164343053,0.00036924045202095545
192,0.9962896032324108,0.0033685825786430503,0.00034181418894634074
193,0.9964940151985545,0.0031895635582958135,0.00031642124314979506
194,0.996687064924337,0.00302002371985018,0.00029291135581275814
195,0.9968693898641526,0.002859464825702041,0.0002711453101453096
196,0.9970415914424844,0.002707414429676742,0.00025099412783903226
197,0.9972042370921332,0.002563424584884688,0.00023233832298200254
198,0.9973578621789523,0.0024270706115900416,0.0002150672094579123
199,0.9975029718190499,0.0022979499228404244,0.00019907825810952935
200,0.6526925553382943,0.20311788220667368,0.1441895624550321
201,0.6519063209945379,0.2038354527409431,0.14425822626451895
202,0.6511187451878497,0.2045548393207282,0.14432641549142206
203,0.6503298300037144,0.20527604168962396,0.14439412830666168
204,0.649539577560496,0.20599905955512943,0.1444613628843747
205,0.6487479900095248,0.20672389258848525,0.14452811740198993
206,0.6479550695351828,0.20745054042451472,0.1445943900403025
207,0.6471608183549875,0.20817900266146303,0.14466017898354952
208,0.6463652387196752,0.20890927886083963,0.14472548241948524
209,0.6455683329132823,0.20964136854726087,0.14479029853945685
210,0.644770103253227,0.21037527120829266,0.14485462553848039
211,0.6439705520903873,0.21111098629429595,0.14491846161531666
212,0.6431696818091805,0.21184851321827136,0.144981804972548
213,0.6423674948276394,0.21258785135570604,0.14504465381665446
214,0.6415639935974873,0.21332900004442176,0.14510700635809085
215,0.640759180604214,0.21407195858442254,0.14516886081136351
216,0.6399530583671473,0.21481672623774495,0.14523021539510775
217,0.6391456294395256,0.21556330222830936,0.14529106833216499
218,0.6383368964085684,0.21631168574177084,0.14535141784966057
219,0.637526861895545,0.21706187592537335,0.14541126217908168
220,0.6367155285558422,0.217813871887803,0.1454705995563547
221,0.6359028990790316,0.21856767269904404,0.1455294282219243
222,0.6350889761889336,0.21932327739023552,0.14558774642083092
223,0.6342737626436816,0.22008068495352848,0.14564555240278998
224,0.633457261235784,0.22083989434194587,0.14570284442227
225,0.6326394747921861,0.22160090446924205,0.14575962073857196
226,0.6318204061743277,0.22236371420976436,0.14581587961590803
227,0.6310000582782026,0.2231283223983167,0.14587161932348072
228,0.6301784340344146,0.22389472783002276,0.14592683813556254
229,0.6293555364082334,0.2246629292601916,0.14598153433157512
230,0.6285313683996461,0.22543292540418503,0.14603570619616899
231,0.6277059330434119,0.22620471493728456,0.14608935201930345
232,0.6268792334091114,0.22697829649456233,0.14614247009632628
233,0.6260512726011959,0.22775366867075025,0.1461950587280539
234,0.6252220537590352,0.22853083002011348,0.14624711622085151
235,0.6243915800569629,0.22930977905632383,0.1462986408867132
236,0.6235598547043227,0.2300905142523345,0.14634963104334264
237,0.6227268809455099,0.23087303404025664,0.1464000850142335
238,0.6218926620600125,0.23165733681123807,0.1464500011287496
239,0.6210572013624521,0.2324434209153414,0.1464993777222063
240,0.6202205022026221,0.233231284661427,0.14654821313595087
241,0.6193825679655234,0.2340209263170332,0.14659650571744332
242,0.6185434020714001,0.23481234410826216,0.14664425382033783
243,0.617703007975772,0.23560553621966485,0.146691455804563
244,0.6168613891694681,0.23640050079412803,0.14673811003640394
245,0.6160185491786544,0.237197235932763,0.14678421488858254
246,0.6151744915648637,0.23799573969479695,0.14682976874033932
247,0.6143292199250221,0.2387960100974634,0.14687476997751442
248,0.6134827378914736,0.2395980451158975,0.14691921699262897
249,0.6126350491320035,0.24040184268302978,0.14696310818496672
250,0.6117861573498607,0.24120740068948424,0.1470064419606551
251,0.6109360662837762,0.24201471698347682,0.14704921673274707
252,0.6100847797079825,0.2428237893707153,0.14709143092130214
253,0.6092323014322292,0.2436346156143024,0.14713308295346844
254,0.6083786353017979,0.2444471934346384,0.1471741712635637
255,0.6075237851975154,0.24526152050932745,0.14721469429315728
256,0.6066677550357634,0.24607759447308541,0.1472546504911512
257,0.6058105487684896,0.24689541291764833,0.14729403831386206
258,0.6049521703832142,0.24771497339168325,0.14733285622510262
259,0.604092623903035,0.2485362734007023,0.1473711026962627
260,0.6032319133866325,0.24935931040697584,0.14740877620639165
261,0.6023700429282707,0.25018408182945034,0.14744587524227887
262,0.6015070166577984,0.25101058504366575,0.14748239829853593
263,0.6006428387406464,0.25183881738167624,0.14751834387767748
264,0.5997775133778244,0.2526687761319728,0.14755371049020305
265,0.5989110448059157,0.25350045853940645,0.14758849665467788
266,0.5980434372970698,0.2543338618051157,0.1476227008978145
267,0.5971746951589929,0.25516898308645297,0.147656321754554
268,0.5963048227349377,0.2560058194969156,0.1476893577681468
269,0.5954338244036882,0.25684436810607797,0.14772180749023375
270,0.5945617045795475,0.257684625939525,0.14775366948092733
271,0.5936884677123193,0.2585265899787881,0.14778494230889255
272,0.592814118287289,0.2593702571612839,0.14781562455142713
273,0.5919386608252036,0.26021562438025353,0.14784571479454284
274,0.5910620998822486,0.2610626884847056,0.14787521163304584
275,0.5901844400500235,0.2619114462793597,0.14790411367061687
276,0.5893056859555149,0.262761894524593,0.14793241951989217
277,0.588425842261068,0.2636140299363891,0.14796012780254286
278,0.5875449136643562,0.26446784918628785,0.1479872371493559
279,0.5866629048983477,0.265323348901339,0.14801374620031316
280,0.5857798207312721,0.26618052566405614,0.14803965360467183
281,0.5848956659665825,0.26703937601237376,0.1480649580210439
282,0.5840104454429171,0.2678998964396076,0.14808965811747518
283,0.58312416403406,0.26876208339441454,0.14811375257152548
284,0.5822368266488959,0.26962593328075746,0.1481372400703466
285,0.5813484382313674,0.2704914424578702,0.14816011931076245
286,0.5804590037604275,0.27135860724022587,0.14818238899934677
287,0.5795685282499905,0.2722274238975071,0.14820404785250238
288,0.5786770167488814,0.2730978886545794,0.1482250945965392
289,0.577784474340783,0.27396999769146435,0.14824552796775256
290,0.5768909061441801,0.27484374714331883,0.14826534671250108
291,0.5759963173123034,0.27571913310041235,0.14828454958728415
292,0.5751007130330699,0.27659615160811013,0.14830313535882006
293,0.5742040985290205,0.27747479866685704,0.1483211028041223
294,0.5733064790572592,0.2783550702321633,0.1483384507105775
295,0.5724078599093841,0.27923696221459443,0.1483551778760215
296,0.571508246411423,0.28012047047976085,0.14837128310881623
297,0.5706076439237617,0.2810055908483124,0.14838676522792596
298,0.5697060578410728,0.2818923190959345,0.14840162306299273
299,0.5688034935922419,0.28278065095334515,0.14841585545441294
300,0.6396298539258696,0.21511549982090622,0.14525464625322415
301,0.6485806968181418,0.1990872271544773,0.15233207602738089
302,0.6396298539258696,0.21511549982090622,0.14525464625322415
303,0.6581018491253003,0.2573247429657253,0.08457340790897443
304,0.7183161700397459,0.16108418621229814,0.1205996437479559
305,0.7165799293565966,0.16224696062495714,0.12117311001844618
306,0.7148369362020808,0.16341562540750143,0.12174743839041774
307,0.7130872156167158,0.16459017673869725,0.12232260764458681
308,0.711330793354538,0.16577061030787613,0.12289859633758586
309,0.709567695885429,0.16695692131142945,0.1234753828031415
310,0.7077979503973177,0.16814910444937148,0.1240529451533108
311,0.7060215847982483,0.16934715392197391,0.12463126127977771
312,0.7042386277183174,0.17055106342647341,0.12521030885520915
313,0.7024491085114766,0.17176082615385266,0.12579006533467085
314,0.7006530572571976,0.17297643478569835,0.12637050795710403
315,0.698850504762,0.17419788149113763,0.1269516137468624
316,0.6970414825608363,0.17542515792385385,0.12753335951530995
317,0.6952260229183364,0.17665825521918374,0.12811572186247983
318,0.6934041588299071,0.17789716399129887,0.12869867717879407
319,0.6915759240226832,0.17914187433047174,0.12928220164684492
320,0.6897413529563339,0.18039237580042852,0.12986627124323752
321,0.6879004808237157,0.18164865743579056,0.13045086174049367
322,0.6860533435513749,0.18291070773960733,0.1310359487090177
323,0.6841999777998977,0.18417851468097884,0.13162150751912363
324,0.6823404209641014,0.18545206569277445,0.13220751334312414
325,0.6804747111730739,0.18673134766944538,0.13279394115748086
326,0.6786028872900487,0.18801634696493474,0.1333807657450166
327,0.6767249889121254,0.1893070493906858,0.13396796169718894
328,0.6748410563698233,0.1906034402137512,0.13455550341642544
329,0.672951130726477,0.19190550415500282,0.13514336511852015
330,0.6710552537774633,0.19321322538744562,0.13573152083509107
331,0.669153468049264,0.19452658753463672,0.1363199444160993
332,0.6672458167983619,0.19584557366920946,0.13690860953242856
333,0.6653323440099677,0.19717016631150655,0.13749748967852587
334,0.6634130943965764,0.1985003474283217,0.13808655817510196
335,0.6614881133963549,0.19983609843175248,0.13867578817189272
336,0.6595574471713558,0.20117740017816416,0.13926515265048006
337,0.6576211426055596,0.20252423296726807,0.13985462442717245
338,0.655679247302741,0.20387657654131433,0.14044417615594465
339,0.6537318095841635,0.20523441008439977,0.14103378033143646
340,0.6517788784860962,0.20659771222189405,0.14162340929200978
341,0.6498205037571526,0.20796646101998395,0.14221303522286355
342,0.6478567358554569,0.20934063398533648,0.14280263015920658
343,0.645887625945628,0.21072020806488445,0.1433921659894876
344,0.6439132258955874,0.21210515964573157,0.14398161445868096
345,0.6419335882731876,0.21349546455518295,0.14457094717162947
346,0.639948766342661,0.21489109806089715,0.14516013559644186
347,0.6379588140608894,0.21629203487116505,0.14574915106794556
348,0.635963786073493,0.21769824913531358,0.1463379647911935
349,0.6339637377107399,0.2191097144442359,0.14692654784502424
350,0.6319587249832745,0.22052640383105004,0.14751487118567544
351,0.6299488045776651,0.22194828977188574,0.14810290565044906
352,0.6279340338517727,0.22337534418679927,0.14869062196142815
353,0.6259144708299361,0.2248075384408196,0.14927799072924416
354,0.6238901741979815,0.2262448433451243,0.1498649824568942
355,0.6218612032980465,0.2276872291583464,0.150451567543607
356,0.6198276181232288,0.22913466558801363,0.15103771628875756
357,0.6177894793120532,0.2305871217921185,0.1516233988958283
358,0.6157468481427599,0.23204456638082277,0.15220858547641736
359,0.6136997865274153,0.2335069674182931,0.15279324605429156
360,0.6116483570058437,0.23497429242467188,0.15337735056948434
361,0.6095926227393829,0.23644650837818018,0.15396086888243682
362,0.6075326475044632,0.23792358171735534,0.15454377077818146
363,0.6054684956860101,0.2394054783434228,0.15512602597056702
364,0.6034002322706742,0.24089216362280175,0.15570760410652396
365,0.6013279228398857,0.2423836023897455,0.15628847477036875
366,0.5992516335627373,0.24387975894911607,0.15686860748814674
367,0.5971714311886962,0.24538059707929233,0.15744797173201144
368,0.5950873830401455,0.24688608003521412,0.15802653692464036
369,0.5929995570047569,0.24839617055155855,0.15860427244368464
370,0.5909080215276968,0.24991083084605087,0.15918114762625227
371,0.588812845603666,0.25143002262291,0.1597571317734241
372,0.5867140987687751,0.25295370707642495,0.16033219415479985
373,0.5846118510922588,0.25448184489466685,0.16090630401307443
374,0.5825061731680271,0.256014396263331,0.16147943056864195
375,0.5803971361060603,0.25755132086971233,0.16205154302422733
376,0.5782848115236444,0.25909257790681234,0.16262261056954333
377,0.5761692715364533,0.26063812607757525,0.16319260238597152
378,0.574050588749477,0.2621879235992561,0.16376148765126686
379,0.5719288362477997,0.2637419282079171,0.16432923554428322
380,0.5698040875872286,0.2653000971630522,0.16489581524971922
381,0.5676764167847761,0.26686238725234096,0.16546119596288283
382,0.565545898309,0.2684287547965269,0.16602534689447318
383,0.5634126070701989,0.2699991556544234,0.16658823727537775
384,0.5612766184104715,0.271573545228044,0.16714983636148453
385,0.5591380080936382,0.2731518784678551,0.16771011343850667
386,0.5569968522950287,0.2747341098781531,0.16826903782681812
387,0.5548532275911395,0.2763201935225611,0.16882657888629948
388,0.5527072109491613,0.27791008302964665,0.1693827060211921
389,0.5505588797163838,0.2795037315986576,0.16993738868495867
390,0.5484083116094755,0.28110109200537536,0.17049059638514913
391,0.5462555847036451,0.28270211660808464,0.17104229868827037
392,0.544100777421687,0.2843067573536556,0.17159246522465738
393,0.5419439685229122,0.2859149657837419,0.1721410656933458
394,0.5397852370919705,0.28752669304108674,0.17268806986694277
395,0.5376246625275649,0.28914188987594003,0.17323344759649512
396,0.535462324531063,0.29076050665258346,0.1737771688163536
397,0.5332983030950083,0.2923824933559609,0.17431920354903094
398,0.5311326784915334,0.2940077995984138,0.17485952191005283
399,0.528965531260683,0.2956363746265176,0.17539809411279939
400,0.5267969421986435,0.29726816732801997,0.17593489047333655
401,0.5246269923458887,0.29890312623887655,0.17646988141523476
402,0.522455762975243,0.3005411995503833,0.17700303747437374
403,0.5202833355798637,0.3021823351164037,0.17753432930373253
404,0.6396298539258696,0.21511549982090622,0.14525464625322415
405,0.7563940863038165,0.18269866415777625,0.060907249538407274
406,0.6396298539258696,0.21511549982090622,0.14525464625322415
407,0.646768481714845,0.25391861126954524,0.09931290701560974
408,0.6396298539258696,0.21511549982090622,0.14525464625322415
409,0.6193416950115012,0.2567655434431312,0.12389276154536764
410,0.0015041474626393853,0.9982515057585172,0.00024434677884401244
411,0.005091308999983069,0.9940357071003296,0.0008729838996871243
412,0.010694291722434484,0.9874103655961225,0.0018953426814435578
413,0.018207298677143647,0.9784878023757961,0.0033048989470599284
414,0.027507822156905015,0.967404734985894,0.005087442857199946
415,0.03845710473684262,0.9543200911769992,0.0072228040861577695
416,0.050902906972913504,0.9394109742923784,0.009686118734707603
417,0.06468315721488235,0.9228678881407203,0.012448954644397478
418,0.07962989299056293,0.9048897436610094,0.015480363348427702
419,0.09557315183198656,0.8856789865009866,0.018747861667027063
420,0.11234458505633642,0.8654370872164102,0.022218327727253847
421,0.129780644077451,0.844360561853841,0.025858794068707065
422,0.147725248786503,0.8226376265880828,0.029637124625414193
423,0.1660318971676419,0.8004455341361609,0.03352256869619763
424,0.18456521556094982,0.7779485928840935,0.03748619155495613
425,0.20320197985115324,0.755296833063179,0.04150118708566715
426,0.22183165958809709,0.73262525814271,0.045543082269193014
427,0.2403565503888322,0.7100536032576497,0.04958984635351771
428,0.2586915661247037,0.6876865147007449,0.053621919174552043
429,0.2767637628063185,0.665614063637781,0.05762217355590148
430,0.29451166225122977,0.6439125114918292,0.06157582625694042
431,0.3118844369669278,0.6226452522088829,0.06547031082418871
432,0.3288410094254221,0.6018638663986908,0.06929512417588772
433,0.3453491100233544,0.5816092329565413,0.07304165702010422
434,0.36138432924065506,0.5619126543257741,0.07670301643357011
435,0.3769291913275296,0.5427969614448558,0.08027384722761403
436,0.39197226956421716,0.5242775732612477,0.08375015717453484
437,0.40650735689569273,0.50636349329933,0.08712914980497648
438,0.4205327005754321,0.48905823209337795,0.09040906733119089
439,0.4340503053117782,0.4723606493870407,0.09358904530118098
440,0.4470653062026936,0.45626571396604737,0.09666897983125876
441,0.45958541035007616,0.440765181970744,0.09964940767917985
442,0.4716204043356922,0.42584819668116664,0.10253139898314118
443,0.4831817235921794,0.41150181422847876,0.10531646217934178
444,0.4942820789997701,0.39771146060077917,0.10800646039945064
445,0.5049351356810834,0.38446132580061737,0.1106035385182992
446,0.5151552388663418,0.3717347011804902,0.11311005995316803
447,0.5249571817883176,0.35951426591794156,0.11552855229374084
448,0.5343560107826668,0.3477823283639216,0.11786166085341153
449,0.5433668630697578,0.33652102766233066,0.12011210926791159
450,0.5520048330438316,0.32571250063807333,0.12228266631809502
451,0.5602848632682668,0.3153390185177673,0.1243761182139658
452,0.5682216567528914,0.30538309760513654,0.12639524564197202
453,0.5758296074573768,0.2958275875988116,0.1283428049438117
454,0.5831227463148355,0.2866557408251074,0.1302215128600571
455,0.5901147003962973,0.27785126526953563,0.13203403433416705
456,0.5968186631366935,0.2693983639324391,0.13378297293086738
457,0.6032473738151496,0.26128176270801984,0.13547086347683046
458,0.609413104726839,0.2534867286923503,0.13710016658081076
459,0.6153276547013512,0.2459990805638025,0.13867326473484637
460,0.6210023478150215,0.23880519244703083,0.14019245973794756
461,0.6264480363137891,0.2318919924671193,0.1416599712190915
462,0.6316751069109539,0.225246957021423,0.14307793606762315
463,0.6366934897527373,0.21885810164060007,0.1444484086066626
464,0.6415126694558504,0.21271396917497218,0.1457733613691775
465,0.6461416977172676,0.20680361592538674,0.14705468635734573
466,0.6505892070789084,0.20111659623705908,0.1482941966840324
467,0.6548634255005796,0.19564294598846707,0.14949362851095316
468,0.6589721914548556,0.19037316533346815,0.15065464321167624
469,0.6629229693089084,0.18529820099179384,0.15177882969929782
470,0.6667228648018559,0.18040942832950388,0.15286770686864015
471,0.6703786404630347,0.17569863342557165,0.15392272611139352
472,0.673896730847667,0.17115799528240205,0.154945273869931
473,0.6772832574924968,0.1667800683057575,0.15593667420174573
474,0.6805440435158342,0.1625577651524249,0.1568981913317408
475,0.6836846278046838,0.15848434002124734,0.15783103217406877
476,0.6867102787467947,0.15455337244421669,0.1587363488089886
477,0.6896260074780054,0.15075875161861252,0.1596152409033822
478,0.6924365806255703,0.14709466130819854,0.16046875806623104
479,0.6951465325365964,0.14355556533082406,0.16129790213257955
480,0.6977601769875607,0.1401361936410809,0.16210362937135844
481,0.7002816183764108,0.1368315290096128,0.1628868526139763
482,0.7027147624031355,0.13363679429501527,0.16364844330184927
483,0.7050633262481568,0.13054744029977258,0.1643892334520706
484,0.7073308482605785,0.1275591341981572,0.16511001754126442
485,0.7095206971703407,0.12466774852131601,0.16581155430834318
486,0.7116360808398325,0.12186935068274146,0.1664945684774261
487,0.7136800545715426,0.11916019302585662,0.16715975240260078
488,0.7156555289890215,0.11653670337444207,0.16780776763653646
489,0.7175652775087962,0.1139954760660032,0.1684392464252006
490,0.7194119434210258,0.11153326344786195,0.1690547931311123
491,0.721198046596629,0.10914696781568609,0.16965498558768502
492,0.7229259898384053,0.10683363377430366,0.17024037638729111
493,0.724598064893344,0.10459044100093909,0.1708114941057168
494,0.7262164581428904,0.1024146973914219,0.17136884446568776
495,0.7277832559874452,0.10030383257042878,0.17191291144212592
496,0.729300449940833,0.09825539174740051,0.17244415831176635
497,0.730769941449886,0.09626702990040618,0.17296302864970783
498,0.7321935464536959,0.09433650627089432,0.17346994727540985
499,0.7335729996964643,0.09246167915296041,0.17396532115057523
500,0.7349099588072625,0.09064050096145844,0.17444954023127923
501,0.736206008159395,0.08887101356398536,0.1749229782766197
502,0.7374626625214524,0.08715134386246726,0.17538599361608026
503,0.7386813705115369,0.0854796996107587,0.1758389298777045
504,0.7398635178655647,0.0838543654553408,0.17628211667909466
505,0.7410104305299863,0.08227369918685729,0.17671587028315633
506,0.7421233775887154,0.08073612819085989,0.17714049422042472
507,0.7432035740335343,0.07924014608674554,0.1775562798797201
508,0.7442521833867444,0.07778430954445796,0.1779635070687977
509,0.7452703201843422,0.07636723526908408,0.17836244454657368
510,0.7517909149464158,0.09058589151899298,0.15762319353459123
511,0.7336129739252606,0.10994270990929565,0.15644431616544371
512,0.7210893290395841,0.12352890776616332,0.15538176319425256
513,0.7113316200151862,0.1342316402865323,0.15443673969828137
514,0.7032545708220357,0.14315919127532278,0.15358623790264145
515,0.6963208186111027,0.15086777563215265,0.15281140575674476
516,0.6902214521258886,0.15768029860470287,0.15209824926940863
517,0.6847611155884019,0.16380253845744192,0.1514363459541562
518,0.6798077443187178,0.1693744790757467,0.15081777660553533
519,0.6752675351117049,0.1744960730152285,0.15023639187306656
520,0.6710712680338207,0.1792414121831672,0.149687319783012
521,0.6671662864416846,0.18366708253242078,0.14916663102589475
522,0.6635115271724098,0.18781736610989963,0.1486711067176906
523,0.660074300080231,0.19172762624490808,0.14819807367486088
524,0.6568281226750805,0.19542659223549994,0.14774528508941948
525,0.6537512182943914,0.19893794930851386,0.1473108323970947
526,0.6508254465426709,0.20228147443114639,0.14689307902618273
527,0.6480355239730529,0.20547386623273156,0.14649060979421566
528,0.645368444815027,0.20852936348940712,0.14610219169556593
529,0.6428130427747181,0.2114602141083745,0.14572674311690736
530,0.6403596543501332,0.21427703626851335,0.14536330938135358
531,0.6379998565205556,0.21698910036969554,0.14501104310974888
532,0.6357262598093772,0.21960455189630598,0.14466918829431694
533,0.6335323431756423,0.22213058955840198,0.14433706726595574
534,0.6314123209200668,0.22457360913921406,0.1440140699407192
535,0.6293610343883019,0.2269393207328178,0.14369964487888034
536,0.6273738630919452,0.22923284510966357,0.14339329179839128
537,0.6254466511877951,0.23145879354720286,0.14309455526500203
538,0.6235756462170128,0.23362133444132413,0.14280301934166315
539,0.6217574477145991,0.23572424925980776,0.1425183030255931
540,0.6199889638283055,0.23777097983527698,0.14224005633641762
541,0.6182673744847754,0.23976466856938958,0.14196795694583494
542,0.6165900999443467,0.24170819279532324,0.14170170726033018
543,0.614954773819358,0.24360419429564398,0.14144103188499796
544,0.6133592198117984,0.2454551047785861,0.14118567540961546
545,0.6118014315676248,0.24726316796385403,0.14093540046852107
546,0.6102795551565311,0.24903045880926056,0.14068998603420835
547,0.6087918737743739,0.2507589003143472,0.14044922591127884
548,0.607336794336091,0.252450278261043,0.14021292740286606
549,0.6059128356837151,0.2541062541901832,0.1399809101261016
550,0.6045186181800023,0.25572837686314376,0.13975300495685403
551,0.603152854495522,0.2573180924174898,0.13952905308698813
552,0.6018143414275915,0.2588767533925186,0.1393089051798899
553,0.6005019526145191,0.26040562677339785,0.1390924206120831
554,0.5992146320293458,0.2619059011801549,0.1388794667904993
555,0.5979513881544589,0.2633786933091167,0.13866991853642455
556,0.5967112887527815,0.2648250537188473,0.13846365752837123
557,0.5954934561632212,0.26624597203961375,0.1382605717971651
558,0.59429706305814,0.2676423816744413,0.13806055526741867
559,0.5931213286090942,0.26901516405059256,0.13786350734031333
560,0.5919655150142872,0.2703651524724582,0.13766933251325464
561,0.5908289243472831,0.27169313562020225,0.13747794003251465
562,0.5897108956917377,0.272999860732812,0.13728924357545028
563,0.5886108025313482,0.2742860365093596,0.13710316095929215
564,0.587528050368049,0.2755523357580973,0.13691961387385373
565,0.5864620745447591,0.2767993978194267,0.13673852763581434
566,0.585412338251822,0.2780278307856801,0.13655983096249782
567,0.584378330698733,0.2792382135379679,0.13638345576329922
568,0.5833595654348696,0.2804310976180165,0.1362093369471139
569,0.5823555788047983,0.2816070089508981,0.13603741224430368
570,0.5813659285253332,0.2827664494327799,0.13586762204188702
571,0.5803901923729409,0.28390989839627956,0.13569990923077968
572,0.5794279669713129,0.2850378139646548,0.13553421906403237
573,0.5784788666700134,0.28615063430486837,0.1353704990251183
574,0.5775425225060614,0.28724877878851973,0.1352086987054189
575,0.5766185812411507,0.2883326490687107,0.1350487696901385
576,0.575706704467946,0.289402630080099,0.13489066545195483
577,0.574806567779558,0.2904590909686648,0.13473434125177716
578,0.5739178599968771,0.29150238595707956,0.13457975404604333
579,0.5730402824489662,0.2925328551509936,0.13442686240004012
580,0.5721735483021727,0.2935508252910489,0.13427562640677837
581,0.5713173819340269,0.2945566104549766,0.1341260076109964
582,0.5704715183483687,0.2955505127137279,0.13397796893790345
583,0.5696357026284627,0.2965328227452284,0.13383147462630893
584,0.5688096894251634,0.29750382040902235,0.13368649016581435
585,0.5679932424774496,0.29846377528477874,0.13354298223777156
586,0.5671861341628903,0.29941294717737194,0.13340091865973785
587,0.5663881450758101,0.3003515865910123,0.13326026833317764
588,0.5655990636311212,0.30127993517469354,0.13312100119418527
589,0.5648186856919589,0.30219822614102165,0.13298308816701945
590,0.5640468142194093,0.30310668466033613,0.13284650112025462
591,0.5632832589427745,0.3040055282318489,0.1327112128253766
592,0.5625278360489279,0.3048949670334173,0.1325771969176547
593,0.5617803678894493,0.30577520425140636,0.13244442785914437
594,0.561040682704317,0.306646436392006,0.132312880903677
595,0.5603086143610476,0.3075088535752394,0.13218253206371308
596,0.5595840021082439,0.3083626398128201,0.132053358078936
597,0.5588666903426092,0.30920797327091115,0.13192533638647966
598,0.558156528388541,0.3100450265187731,0.13179844509268593
599,0.5574533702894998,0.31087396676420165,0.13167266294629862
600,0.556757074610395,0.3116949560765988,0.13154796931300627
601,0.5560675042503003,0.312508151598448,0.1314243441512516
602,0.5553845262648465,0.3133137057459206,0.131301767989233
603,0.5547080116976985,0.3141117663992753,0.13118022190302622
604,0.5540378354205604,0.3149024770836772,0.13105968749576244
605,0.5533738759811906,0.31568597714100993,0.13094014687779942
606,0.5527160154589513,0.3164624018932179,0.13082158264783084
607,0.5520641393274445,0.31723188279767606,0.13070397787487945
608,0.5514181363238162,0.3179945475950596,0.13058731608112417
609,0.550777898324346,0.31875052045013835,0.13047158122551566
