,Prob. alone,Prob. adult,Prob. sibling
0,0.1593163833127571,0.8180720969010331,0.022611519786209736
1,0.16115207197860423,0.8149009591685308,0.023946968852865066
2,0.16258174547234713,0.8123803323491257,0.02503792217852723
3,0.1637527238831041,0.8102809615375647,0.02596631457933122
4,0.16474429212037137,0.8084777031769044,0.026778004702724442
5,0.16560406988685744,0.8068944966518263,0.02750143346131621
6,0.1663629147450079,0.8054815460405217,0.028155539214470438
7,0.16704197170218024,0.8042044176426154,0.028753610655204462
8,0.1676563660928721,0.8030382786755539,0.029305355231574022
9,0.1682172923334649,0.80196461315256,0.029818094513975133
10,0.16873326841006933,0.8009692355607393,0.030297496029191396
11,0.16921092660381387,0.8000410307807455,0.030748042615440646
12,0.16965553212856105,0.7991711226869989,0.031173345184440107
13,0.17007133484886222,0.7983523072149751,0.031576357936162675
14,0.17046181467283286,0.7975786547721537,0.03195953055501341
15,0.17082985700640085,0.7968452245862104,0.032324918407388686
16,0.17117788090693845,0.7961478551073226,0.03267426398573891
17,0.17150793446041407,0.7954830073409952,0.03300905819859075
18,0.1718217669549538,0.7948476458069925,0.0333305872380537
19,0.17212088431234884,0.7942391467532446,0.03363996893440669
20,0.17240659223239987,0.7936552264474226,0.033938181320177466
21,0.17268003018042705,0.7930938844847395,0.03422608533483352
22,0.17294219845557005,0.7925533584814892,0.034504443062940815
23,0.17319397996440145,0.7920320875098772,0.034773932525721356
24,0.17343615789607475,0.7915286823207136,0.03503515978321165
25,0.17366943019131026,0.791041900892388,0.0352886689163017
26,0.17389442147877593,0.7905706281995972,0.03553495032162682
27,0.17411169299289436,0.7901138593549656,0.03577444765214011
28,0.17432175086935472,0.7896706854688954,0.03600756366174979
29,0.17452505312671193,0.7892402817168386,0.036234665156449554
30,0.17472201557615247,0.78882189721196,0.03645608721188742
31,0.17491301685102428,0.7884148463642188,0.036672136784756906
32,0.17509840270891272,0.7880185014708737,0.036883095820213506
33,0.17527848972898236,0.7876322863331279,0.03708922393788969
34,0.17545356850380428,0.7872556707325405,0.03729076076365521
35,0.17562390640640366,0.7868881656315339,0.03748792796206237
36,0.17578974999860633,0.7865293189867073,0.03768093101468649
37,0.17595132713507394,0.7861787120831559,0.037869960781770136
38,0.17610884880803418,0.785835956313683,0.038055194878282746
39,0.17626251077012844,0.7855006903394746,0.03823679889039691
40,0.1764124949666524,0.7851725775791337,0.03841492745421383
41,0.1765589708034349,0.784851303981417,0.03858972521514811
42,0.1767020962724808,0.7845365760439555,0.038761327683563766
43,0.17684201895410545,0.7842281190459774,0.03892986199991709
44,0.17697887691147265,0.783925675467808,0.03909544762071925
45,0.1771127994911042,0.7836290035738857,0.039258196935010065
46,0.1772439080409801,0.7833378761393498,0.039418215819670054
47,0.17737231655620134,0.783052079303045,0.03957560414075372
48,0.17749813226080866,0.7827714115321337,0.03973045620705761
49,0.17762145613318847,0.7824956826854986,0.039882861181312686
50,0.17774238338150095,0.7822247131648051,0.04003290345369395
51,0.17786100387472903,0.7819583331435305,0.04018066298174058
52,0.17797740253422856,0.7816963818655033,0.04032621560026817
53,0.178091659690043,0.7814387070055403,0.040469633304416636
54,0.17820385140572073,0.781185164085683,0.04061098450859627
55,0.17831404977491658,0.7809356159413153,0.04075033428376804
56,0.17842232319266968,0.780689932232119,0.04088774457521131
57,0.178528736603907,0.7804479889934088,0.04102327440268412
58,0.17863335173142858,0.7802096682239043,0.04115698004466717
59,0.17873622728537555,0.7799748575064281,0.04128891520819646
60,0.17883741915595391,0.7797434496584225,0.041419131185623556
61,0.17893698059099847,0.779515342409501,0.041547676999500495
62,0.17903496235978095,0.7792904381035604,0.04167459953665874
63,0.1791314129043256,0.7790686434232331,0.04179994367244121
64,0.17922637847935532,0.7788498691346967,0.041923752385947845
65,0.179319903281879,0.778634029851053,0.042046066867068056
66,0.1794120295713266,0.7784210438126762,0.04216692661599733
67,0.17950279778104755,0.7782108326830874,0.04228636953586509
68,0.1795922466219057,0.7780033213590503,0.04240443201904408
69,0.17968041317863542,0.7777984377937129,0.04252114902765154
70,0.17976733299955508,0.7775961128317346,0.042636554168710344
71,0.1798530401801815,0.7773962800554274,0.04275067976439114
72,0.17993756744123554,0.7771988756410454,0.04286355691771911
73,0.18002094620148468,0.7770038382244208,0.04297521557409453
74,0.18010320664582607,0.7768111087752286,0.04308568457894524
75,0.1801843777889795,0.7766206304792195,0.043194991731800976
76,0.18026448753512506,0.776432348627821,0.043303163837054
77,0.18034356273379168,0.7762462105145593,0.04341022675164901
78,0.1804216292322751,0.7760621653378017,0.04351620542992313
79,0.1804987119248415,0.7758801641093586,0.04362112396579995
80,0.18057483479894906,0.775700159568528,0.04372500563252286
81,0.18065002097870478,0.7755221061011948,0.04382787292010048
82,0.18072429276574728,0.775345959663633,0.04392974757061978
83,0.1807976716777418,0.7751716777106847,0.04403065061157348
84,0.18087017848465,0.7749992191280167,0.04413060238733335
85,0.18094183324292692,0.774828544168179,0.04422962258889412
86,0.1810126553277865,0.774659614390213,0.04432773028200038
87,0.18108266346366497,0.7744923926025724,0.04442494393376252
88,0.1811518757530013,0.7743268428091414,0.04452128143785731
89,0.18122030970344485,0.7741629301581509,0.044616760138404404
90,0.18128798225359236,0.7740006208938065,0.04471139685260117
91,0.18135490979734933,0.773839882310458,0.04480520789219275
92,0.18142110820700155,0.7736806827091484,0.044898209083849984
93,0.1814865928550793,0.7735229913564001,0.04499041578852059
94,0.18155137863508805,0.7733667784450959,0.04508184291981599
95,0.181615479981177,0.7732120150573321,0.045172504961490924
96,0.18167891088680796,0.773058673129122,0.04526241598406995
97,0.18174168492248655,0.7729067254168436,0.04535158966066981
98,0.18180381525261133,0.7727561454653242,0.04544003928206452
99,0.1818653146514925,0.7726069075774705,0.04552777777103699
100,0.17259619085998537,0.7904845632807139,0.03691924585930076
101,0.173004920467703,0.7899638915679112,0.03703118796438584
102,0.17341433181422775,0.7894422599964249,0.03714340818934738
103,0.1738244246233459,0.7889196684856181,0.037255906891035855
104,0.17423519861092515,0.7883961169641346,0.03736868442494023
105,0.17464665348489025,0.7878716053699334,0.03748174114517651
106,0.17505878894519697,0.7873461336503257,0.0375950774044773
107,0.17547160468380835,0.7868197017620104,0.03770869355418122
108,0.17588510038466856,0.78629230967111,0.03782258994422154
109,0.17629927572367873,0.7857639573532055,0.03793676692311593
110,0.17671413036867237,0.7852346447933725,0.03805122483795508
111,0.1771296639793907,0.7847043719862168,0.03816596403439243
112,0.17754587620745763,0.7841731389359097,0.038280984856632755
113,0.1779627666963558,0.7836409456562223,0.03839628764742177
114,0.17838033508140255,0.7831077921705626,0.03851187274803489
115,0.1787985809897254,0.7825736785120081,0.03862774049826664
116,0.1792175040402375,0.782038604723343,0.03874389123641948
117,0.17963710384361484,0.781502570857092,0.03886032529929307
118,0.18005738000227098,0.7809655769755556,0.03897704302217349
119,0.18047833211033468,0.7804276231508436,0.03909404473882187
120,0.18089995975362494,0.779888709464911,0.03921133078146405
121,0.18132226250962843,0.7793488360095926,0.03932890148077907
122,0.1817452399474757,0.7788080028866355,0.039446757165888725
123,0.18216889162791808,0.7782662102077357,0.03956489816434614
124,0.18259321710330406,0.7777234580945704,0.039683324802125365
125,0.1830182159175565,0.7771797466788338,0.03980203740360975
126,0.1834438876061497,0.7766350761022686,0.03992103629158165
127,0.18387023169608713,0.776089446516702,0.040040321787210925
128,0.18429724770587713,0.7755428580840787,0.040159894210044116
129,0.18472493514551225,0.7749953109764939,0.04027975387799377
130,0.1851532935164454,0.7744468053762276,0.040399901107326885
131,0.1855823223115685,0.7738973414757769,0.040520336212654474
132,0.18601202101518927,0.7733469194778907,0.040641059506920076
133,0.18644238910301025,0.7727955395956005,0.04076207130138922
134,0.186873426042106,0.7722432020522562,0.04088337190563798
135,0.18730513129090198,0.7716899070815557,0.04100496162754239
136,0.18773750429915234,0.7711356549275806,0.04112684077326703
137,0.18817054450791854,0.770580445844827,0.041249009647254455
138,0.18860425134954836,0.770024280098238,0.04137146855221373
139,0.18903862424765425,0.7694671579632362,0.04149421778910964
140,0.18947366261709203,0.7689090797257561,0.041617257657151914
141,0.18990936586394078,0.7683500456822756,0.0417405884537837
142,0.19034573338548075,0.7677900561398482,0.04186421047467109
143,0.19078276457017404,0.7672291114161344,0.04198812401369155
144,0.19122045879764302,0.7666672118394334,0.04211232936292357
145,0.19165881543865038,0.7661043577487148,0.04223682681263496
146,0.19209783385507892,0.7655405494936486,0.04236161665127243
147,0.1925375133999118,0.764975787434638,0.04248669916545019
148,0.19297785341721155,0.7644100719428492,0.042612074639939254
149,0.1934188532421015,0.7638434034002424,0.042737743357656136
150,0.19386051220074532,0.7632757821996026,0.042863705599652024
151,0.19430282961032824,0.7627072087445698,0.04298996164510201
152,0.19474580477903708,0.7621376834496695,0.043116511771293525
153,0.1951894370060413,0.7615672067403426,0.04324335625361607
154,0.19563372558147452,0.7609957790529758,0.04337049536554955
155,0.19607866978641536,0.7604234008349305,0.04349792937865398
156,0.19652426889286828,0.7598500725445739,0.04362565856255785
157,0.196970522163746,0.7592757946513063,0.04375368318494784
158,0.19741742885285024,0.7587005676355925,0.043882003511557195
159,0.19786498820485485,0.7581243919889897,0.04401061980615548
160,0.19831319945528617,0.7575472682141768,0.04413953233053705
161,0.1987620618305068,0.7569691968249828,0.044268741344510344
162,0.19921157454769672,0.756390178346416,0.04439824710588731
163,0.19966173681483695,0.7558102133146913,0.0445280498704718
164,0.20011254783069093,0.7552293022772596,0.04465814989204944
165,0.20056400678478897,0.7546474457928349,0.04478854742237602
166,0.2010161128574098,0.7540646444314228,0.044919242711167325
167,0.2014688652195652,0.7534808987743472,0.04505023600608755
168,0.20192226303298214,0.7528962094142787,0.04518152755273922
169,0.20237630545008758,0.7523105769552609,0.04531311759465152
170,0.20283099161399112,0.7517240020127385,0.045445006373270334
171,0.20328632065847033,0.751136485213583,0.045577194127946676
172,0.20374229170795344,0.7505480271961203,0.04570968109592627
173,0.20419890387750503,0.749958628610156,0.04584246751233888
174,0.20465615627280961,0.7493682901170032,0.04597555361018714
175,0.20511404799015703,0.7487770123895067,0.04610893962033624
176,0.2055725781164269,0.7481847961120704,0.04624262577150271
177,0.20603174572907434,0.7475916419806813,0.046376612290244264
178,0.20649154989611448,0.746997550702937,0.046510899400948456
179,0.206951989676109,0.7464025229980683,0.046645487325822625
180,0.2074130641181509,0.7458065595969664,0.04678037628488263
181,0.20787477226185094,0.7452096612422063,0.046915566495942716
182,0.20833711313732384,0.7446118286880717,0.0470510581746045
183,0.20880008576517456,0.7440130627005791,0.04718685153424634
184,0.2092636891564843,0.7434133640575025,0.04732294678601327
185,0.20972792231279835,0.7428127335483959,0.0474593441388056
186,0.21019278422611176,0.742211171974619,0.04759604379926919
187,0.21065827387885772,0.7416086801493583,0.04773304597178407
188,0.21112439024389376,0.7410052588976515,0.047870350858454785
189,0.2115911322844907,0.7404009090564102,0.0480079586590991
190,0.21205849895431889,0.739795631474443,0.04814586957123822
191,0.21252648919743777,0.7391894270124766,0.04828408379008568
192,0.21299510194828275,0.7385822965431796,0.048422601508537604
193,0.21346433613165494,0.7379742409511835,0.04856142291716169
194,0.2139341906627085,0.7373652611331045,0.04870054820418709
195,0.21440466444694078,0.7367553579975651,0.04883997755549421
196,0.21487575638018055,0.7361445324652153,0.04897971115460401
197,0.21534746534857765,0.7355327854687541,0.04911974918266825
198,0.2158197902285926,0.7349201179529491,0.049260091818458404
199,0.21629272988698667,0.7343065308746571,0.049400739238356264
200,0.17591885401171467,0.7862492545764385,0.03783189141184681
201,0.17591885401171467,0.7862492545764385,0.03783189141184681
202,0.17591885401171467,0.7862492545764385,0.03783189141184681
203,0.17591885401171467,0.7862492545764385,0.03783189141184681
204,0.17591885401171467,0.7862492545764385,0.03783189141184681
205,0.17591885401171467,0.7862492545764385,0.03783189141184681
206,0.17591885401171467,0.7862492545764385,0.03783189141184681
207,0.17591885401171467,0.7862492545764385,0.03783189141184681
208,0.17591885401171467,0.7862492545764385,0.03783189141184681
209,0.17591885401171467,0.7862492545764385,0.03783189141184681
210,0.17591885401171467,0.7862492545764385,0.03783189141184681
211,0.17591885401171467,0.7862492545764385,0.03783189141184681
212,0.17591885401171467,0.7862492545764385,0.03783189141184681
213,0.17591885401171467,0.7862492545764385,0.03783189141184681
214,0.17591885401171467,0.7862492545764385,0.03783189141184681
215,0.17591885401171467,0.7862492545764385,0.03783189141184681
216,0.17591885401171467,0.7862492545764385,0.03783189141184681
217,0.17591885401171467,0.7862492545764385,0.03783189141184681
218,0.17591885401171467,0.7862492545764385,0.03783189141184681
219,0.17591885401171467,0.7862492545764385,0.03783189141184681
220,0.17591885401171467,0.7862492545764385,0.03783189141184681
221,0.17591885401171467,0.7862492545764385,0.03783189141184681
222,0.17591885401171467,0.7862492545764385,0.03783189141184681
223,0.17591885401171467,0.7862492545764385,0.03783189141184681
224,0.17591885401171467,0.7862492545764385,0.03783189141184681
225,0.17591885401171467,0.7862492545764385,0.03783189141184681
226,0.17591885401171467,0.7862492545764385,0.03783189141184681
227,0.17591885401171467,0.7862492545764385,0.03783189141184681
228,0.17591885401171467,0.7862492545764385,0.03783189141184681
229,0.17591885401171467,0.7862492545764385,0.03783189141184681
230,0.17591885401171467,0.7862492545764385,0.03783189141184681
231,0.17591885401171467,0.7862492545764385,0.03783189141184681
232,0.17591885401171467,0.7862492545764385,0.03783189141184681
233,0.17591885401171467,0.7862492545764385,0.03783189141184681
234,0.17591885401171467,0.7862492545764385,0.03783189141184681
235,0.17591885401171467,0.7862492545764385,0.03783189141184681
236,0.17591885401171467,0.7862492545764385,0.03783189141184681
237,0.17591885401171467,0.7862492545764385,0.03783189141184681
238,0.17591885401171467,0.7862492545764385,0.03783189141184681
239,0.17591885401171467,0.7862492545764385,0.03783189141184681
240,0.17591885401171467,0.7862492545764385,0.03783189141184681
241,0.17591885401171467,0.7862492545764385,0.03783189141184681
242,0.17591885401171467,0.7862492545764385,0.03783189141184681
243,0.17591885401171467,0.7862492545764385,0.03783189141184681
244,0.17591885401171467,0.7862492545764385,0.03783189141184681
245,0.17591885401171467,0.7862492545764385,0.03783189141184681
246,0.17591885401171467,0.7862492545764385,0.03783189141184681
247,0.17591885401171467,0.7862492545764385,0.03783189141184681
248,0.17591885401171467,0.7862492545764385,0.03783189141184681
249,0.17591885401171467,0.7862492545764385,0.03783189141184681
250,0.17591885401171467,0.7862492545764385,0.03783189141184681
251,0.17591885401171467,0.7862492545764385,0.03783189141184681
252,0.17591885401171467,0.7862492545764385,0.03783189141184681
253,0.17591885401171467,0.7862492545764385,0.03783189141184681
254,0.17591885401171467,0.7862492545764385,0.03783189141184681
255,0.17591885401171467,0.7862492545764385,0.03783189141184681
256,0.17591885401171467,0.7862492545764385,0.03783189141184681
257,0.17591885401171467,0.7862492545764385,0.03783189141184681
258,0.17591885401171467,0.7862492545764385,0.03783189141184681
259,0.17591885401171467,0.7862492545764385,0.03783189141184681
260,0.17591885401171467,0.7862492545764385,0.03783189141184681
261,0.17591885401171467,0.7862492545764385,0.03783189141184681
262,0.17591885401171467,0.7862492545764385,0.03783189141184681
263,0.17591885401171467,0.7862492545764385,0.03783189141184681
264,0.17591885401171467,0.7862492545764385,0.03783189141184681
265,0.17591885401171467,0.7862492545764385,0.03783189141184681
266,0.17591885401171467,0.7862492545764385,0.03783189141184681
267,0.17591885401171467,0.7862492545764385,0.03783189141184681
268,0.17591885401171467,0.7862492545764385,0.03783189141184681
269,0.17591885401171467,0.7862492545764385,0.03783189141184681
270,0.17591885401171467,0.7862492545764385,0.03783189141184681
271,0.17591885401171467,0.7862492545764385,0.03783189141184681
272,0.17591885401171467,0.7862492545764385,0.03783189141184681
273,0.17591885401171467,0.7862492545764385,0.03783189141184681
274,0.17591885401171467,0.7862492545764385,0.03783189141184681
275,0.17591885401171467,0.7862492545764385,0.03783189141184681
276,0.17591885401171467,0.7862492545764385,0.03783189141184681
277,0.17591885401171467,0.7862492545764385,0.03783189141184681
278,0.17591885401171467,0.7862492545764385,0.03783189141184681
279,0.17591885401171467,0.7862492545764385,0.03783189141184681
280,0.17591885401171467,0.7862492545764385,0.03783189141184681
281,0.17591885401171467,0.7862492545764385,0.03783189141184681
282,0.17591885401171467,0.7862492545764385,0.03783189141184681
283,0.17591885401171467,0.7862492545764385,0.03783189141184681
284,0.17591885401171467,0.7862492545764385,0.03783189141184681
285,0.17591885401171467,0.7862492545764385,0.03783189141184681
286,0.17591885401171467,0.7862492545764385,0.03783189141184681
287,0.17591885401171467,0.7862492545764385,0.03783189141184681
288,0.17591885401171467,0.7862492545764385,0.03783189141184681
289,0.17591885401171467,0.7862492545764385,0.03783189141184681
290,0.17591885401171467,0.7862492545764385,0.03783189141184681
291,0.17591885401171467,0.7862492545764385,0.03783189141184681
292,0.17591885401171467,0.7862492545764385,0.03783189141184681
293,0.17591885401171467,0.7862492545764385,0.03783189141184681
294,0.17591885401171467,0.7862492545764385,0.03783189141184681
295,0.17591885401171467,0.7862492545764385,0.03783189141184681
296,0.17591885401171467,0.7862492545764385,0.03783189141184681
297,0.17591885401171467,0.7862492545764385,0.03783189141184681
298,0.17591885401171467,0.7862492545764385,0.03783189141184681
299,0.17591885401171467,0.7862492545764385,0.03783189141184681
300,0.17591885401171467,0.7862492545764385,0.03783189141184681
301,0.13378869944654498,0.8297004401304909,0.03651086042296414
302,0.17591885401171467,0.7862492545764385,0.03783189141184681
303,0.1591091261601302,0.7859843974933388,0.05490647634653088
304,0.06980021360753967,0.9029777933018717,0.02722199309058866
305,0.0714331779808183,0.9010985472254986,0.027468274793682964
306,0.07310110382712978,0.8991833404923084,0.027715555680561683
307,0.07480459053334738,0.8972316119084739,0.027963797558178714
308,0.07654424085545432,0.8952427984720492,0.028212960672496366
309,0.07832066058012016,0.893216335739741,0.028463003680138894
310,0.08013445816682514,0.8911516582125929,0.028713883620581842
311,0.08198624437006917,0.8890481997409789,0.02896555588895209
312,0.08387663184121132,0.8869053939492729,0.029217974209515843
313,0.08580623470950768,0.8847226746805567,0.029471090609935652
314,0.08777566814193383,0.882499476461685,0.029724855396381197
315,0.08978554788139864,0.8802352349890209,0.02997921712958046
316,0.09183648976298586,0.8779293876351113,0.030234122601902766
317,0.09392910920788493,0.8755813739765477,0.030489516815567372
318,0.09606402069470205,0.8731906363432236,0.030745342962074353
319,0.09824183720788228,0.8707566203891596,0.03100154240295822
320,0.1004631696630044,0.8682787756850285,0.031258054651967175
321,0.10272862630875444,0.8657565563324718,0.03151481735877373
322,0.10503881210542802,0.8631894216002466,0.03177176629432542
323,0.10739432807985452,0.8605768365821989,0.03202883533794658
324,0.10979577065669412,0.8579182728770011,0.032285956466304805
325,0.11224373096610557,0.8552132092895367,0.032543059744357714
326,0.1147387941278461,0.852461132553756,0.032800073318397766
327,0.11728153851192327,0.8496615380767625,0.03305692341131429
328,0.11987253497598668,0.8468139307038195,0.03331353432019393
329,0.12251234607971193,0.8439178255039068,0.03356982841638114
330,0.12520152527650819,0.8409727485753699,0.033825726148122036
331,0.1279406160829526,0.837978237871133,0.03408114604591444
332,0.13073015122643314,0.8349338440428786,0.034336004730688256
333,0.13357065177157396,0.8318391313034871,0.03459021692493897
334,0.13646262622609043,0.8286936783069724,0.034843695466937025
335,0.13940656962682557,0.82549707904504,0.035096351328134434
336,0.14240296260680313,0.8222489437593083,0.03534809363388858
337,0.1454522704442309,0.8189488998681484,0.035598829687620674
338,0.14855494209449316,0.8155965929069826,0.035848464998524204
339,0.15171140920626291,0.8121916874808025,0.03609690331293465
340,0.15492208512297706,0.808733868227554,0.036344046649468914
341,0.1581873638710207,0.8052228407909409,0.03658979533803825
342,0.16150761913607237,0.8016583328010956,0.036834048062832116
343,0.16488320322917507,0.7980400948614575,0.037076701909367425
344,0.168314446044205,0.7943679015401067,0.03731765241568832
345,0.1718016540085226,0.7906415523636808,0.03755679362779672
346,0.17534510902869774,0.7868608728119171,0.03779401815938515
347,0.17894506743331495,0.7830257153107497,0.03802921725593523
348,0.18260175891497057,0.7791359602217934,0.03826228086323597
349,0.1863153854736817,0.775191516825952,0.03849309770036636
350,0.19008612036403438,0.7711923242987897,0.03872155533717576
351,0.1939141070484969,0.7671383526752177,0.038947540276285275
352,0.19779945815942593,0.7630296038009546,0.03917093803961952
353,0.20174225447238972,0.7588661122681423,0.039391633259468
354,0.2057425438935166,0.7546479463324236,0.039609509774059894
355,0.20980034046366916,0.7503752088087079,0.039824450727623
356,0.2139156233823199,0.746048037942797,0.04003633867488318
357,0.2180883360540701,0.7416666082559848,0.040245055689944936
358,0.2223183851608315,0.7372311313596899,0.04045048347947851
359,0.226605639762727,0.7327418567371503,0.04065250350012261
360,0.2309499304308315,0.7281990724891735,0.04085099707999511
361,0.23535104841489843,0.7236031060409145,0.04104584554418697
362,0.23980874484924314,0.7189543248066588,0.041236930344097956
363,0.24432272999998003,0.7142531368095658,0.04142413319045401
364,0.24889267255679862,0.7094999912533719,0.041607336189829515
365,0.25351819897246314,0.704695379043058,0.04178642198447889
366,0.2581988928531964,0.6998398332515386,0.04196127389526503
367,0.2629342944030659,0.6949339295294813,0.04213177606745264
368,0.26772389992544743,0.6899782864554331,0.042297813619119426
369,0.27256716138456955,0.684973565823513,0.042459272791917524
370,0.27746348603006604,0.6799204728660303,0.04261604110390358
371,0.28241223608736676,0.674819756408496,0.042768007504137076
372,0.28741272851664507,0.6696722089546234,0.04291506252873143
373,0.2924642348429156,0.6644786666990573,0.043057098458027056
374,0.29756598105973453,0.6592400094657246,0.04319400947454099
375,0.3027171476087967,0.6539571605698701,0.04332569182133328
376,0.30791686943755137,0.6486310866020294,0.043452043960419275
377,0.31316423613677064,0.6432627971323861,0.043572966730843314
378,0.3184582921598084,0.6378533443341706,0.043688363506020955
379,0.3237980371250605,0.6324038225249934,0.04379814034994613
380,0.32918242620292326,0.6269153676252235,0.04390220617185314
381,0.3346103705882917,0.6213891565327913,0.04400047287891697
382,0.3400807380593935,0.6158264064140366,0.04409285552656991
383,0.3455923536234919,0.6102283739104972,0.0441792724660109
384,0.3511440002497063,0.6045963542618115,0.04425964548848217
385,0.3567344196889327,0.5989316803451797,0.04433389996588761
386,0.36236231338054303,0.593235721632126,0.04440196498733089
387,0.3680263434452478,0.5875098830635967,0.0444637734911553
388,0.37372513376322075,0.5817556038447073,0.04451926239207193
389,0.3794572711362548,0.5759743561607713,0.04456837270297384
390,0.3852213065324384,0.5701676438165209,0.04461104965104079
391,0.3910157564115237,0.5643370008007234,0.044647242787752894
392,0.39683910412884954,0.5584839897787057,0.0446769060924447
393,0.4026898014154024,0.5526102005155503,0.04469999806904736
394,0.4085662699312754,0.546717248233042,0.04471648183568257
395,0.41446690288952387,0.5408067719036824,0.044726325206793656
396,0.42039006674711976,0.5348804324853625,0.0447295007675176
397,0.4263341029594405,0.5289399111005337,0.044725985940025664
398,0.43229732979447977,0.5229869071639358,0.04471576304158453
399,0.4382780442027036,0.5170231364631825,0.04469881933411394
400,0.4442745237382722,0.511050329196683,0.044675147065044725
401,0.4502850285271077,0.5050702279735835,0.044644743499308845
402,0.456307803277111,0.4990845857805682,0.04460761094232069
403,0.4623410793256509,0.4930951639205086,0.044563756753840486
404,0.17591885401171467,0.7862492545764385,0.03783189141184681
405,0.09651091792537536,0.8781899225672175,0.025299159507407173
406,0.17591885401171467,0.7862492545764385,0.03783189141184681
407,0.0951880812177585,0.832822027396014,0.0719898913862277
408,0.17591885401171467,0.7862492545764385,0.03783189141184681
409,0.17397679275932504,0.7477187186141063,0.07830448862656865
410,0.65960153035362,0.047385848600402465,0.2930126210459776
411,0.6514540362108342,0.09110194872620014,0.2574440150629659
412,0.633670289334415,0.13321643900726413,0.23311327165832005
413,0.6129012312204036,0.17299610396089693,0.2141026648187001
414,0.5913673522521997,0.21026020265408957,0.1983724450937103
415,0.570021367311548,0.2450363195884179,0.1849423131000336
416,0.5493118539674711,0.277440204833257,0.1732479411992712
417,0.5294508802244455,0.3076237125686903,0.1629254072068629
418,0.5105287679341038,0.3357498749498465,0.1537213571160495
419,0.49256987235442906,0.36198048047155534,0.1454496471740159
420,0.4755620264328586,0.38646992796398827,0.13796804560315293
421,0.4594729728785501,0.4093623913891317,0.13116463573231849
422,0.44425987976820064,0.4307907755456672,0.12494934468613172
423,0.42987497673391595,0.45087664355630513,0.11924837970977893
424,0.4162689266174359,0.46973065990863805,0.1140004134739261
425,0.40339283579178425,0.4874532899548074,0.10915387425340832
426,0.39119942875455893,0.5041356076623318,0.10466496358310946
427,0.3796437025816545,0.5198601273510153,0.10049617006733029
428,0.3686832554512789,0.5347016126368489,0.09661513191187204
429,0.35827841105621194,0.5487278379752454,0.09299375096854262
430,0.34839221641643797,0.5620002913213394,0.08960749226222264
431,0.3389903629060166,0.5745748141284953,0.08643482296548802
432,0.3300410626893049,0.5865021793290176,0.08345675798167765
433,0.3215149013969659,0.5978286103706919,0.08065648823234228
434,0.3133846804612937,0.6085962456033895,0.07801907393531672
435,0.3056252576588725,0.618843552803778,0.07553118953734955
436,0.29821339118987156,0.6286056986915117,0.07318091011861667
437,0.29112759049218323,0.6379148781119804,0.07095753139583624
438,0.2843479755796358,0.6468006072529876,0.06885141716737661
439,0.2778561457672522,0.6552899848956539,0.06685386933709375
440,0.2716350580445209,0.6634079253155264,0.06495701663995264
441,0.26566891497401024,0.6711773660729916,0.06315371895299818
442,0.25994306175613896,0.6786194535763189,0.06143748466754226
443,0.25444389196323597,0.6857537089728034,0.059802399063960586
444,0.24915876137435453,0.6925981766261943,0.05824306199945133
445,0.2440759093142329,0.6991695571719873,0.05675453351377991
446,0.23918438690002175,0.7054833269049358,0.05533228619504248
447,0.2344739916174555,0.7115538450431862,0.05397216333935826
448,0.22993520767694342,0.717394450228374,0.05267034209468261
449,0.225559151634764,0.7230175474583,0.05142330090693581
450,0.22133752280195376,0.7284346865060055,0.050227790692040794
451,0.2172625580014641,0.733656632753869,0.04908080924466682
452,0.2133269902713557,0.7386934312616806,0.0479795784669636
453,0.2095240111473551,0.7435544647915605,0.04692152406108425
454,0.20584723619154638,0.7482485064284351,0.04590425738001856
455,0.20229067346504517,0.7527837673610167,0.04492555917393823
456,0.19884869467113878,0.757167940323559,0.04398336500530218
457,0.19551600872157773,0.7614082391419081,0.04307575213651402
458,0.19228763750258038,0.7655114347775241,0.042200927719895504
459,0.18915889363876678,0.7694838882193441,0.041357218141889016
460,0.18612536007284655,0.7733315805348024,0.040543059392350936
461,0.1831828712965818,0.7770601403573665,0.03975698834605182
462,0.18032749608450926,0.7806748690580075,0.03899763485748314
463,0.17755552159628146,0.7841807638215885,0.03826371458212998
464,0.1748634387264219,0.7875825388257811,0.03755402244779691
465,0.1722479285919301,0.7908846446994575,0.0368674267086123
466,0.1697058500586366,0.7940912864191747,0.0362028635221888
467,0.1672342282166217,0.7972064397861248,0.03555933199725342
468,0.16483024372347832,0.8002338666114943,0.03493588966502731
469,0.16249122294181148,0.8031771287253379,0.03433164833285077
470,0.16021462880422566,0.8060396009126541,0.033745770283120216
471,0.15799805234521547,0.8088244828701695,0.033177464784615106
472,0.15583920484493682,0.8115348102682408,0.0326259848868224
473,0.15373591053484142,0.8141734649941836,0.03209062447097506
474,0.15168609981967582,0.8167431846460583,0.03157071553426592
475,0.1496878029744195,0.8192465713394559,0.031065625686124598
476,0.14773914427841908,0.8216860998839859,0.0305747558375951
477,0.14583833655229783,0.8240641253809444,0.030097538066757596
478,0.1439836760662297,0.8263828902889373,0.029633433644833004
479,0.14217353779088404,0.8286445310000007,0.029181931209115275
480,0.1404063709648163,0.8308510839649631,0.028742545070220615
481,0.1386806949543074,0.833004491403351,0.02831481364234173
482,0.13699509538368526,0.8351066066300489,0.027898297986265887
483,0.13534822051599665,0.8371591990281271,0.02749258045587613
484,0.13373877786557026,0.8391639586947174,0.02709726343971246
485,0.132165531025528,0.8411225007845293,0.026711968189942516
486,0.1306272966946863,0.8430363695735305,0.02633633373178325
487,0.1291229418895427,0.844907042263419,0.025970015847038376
488,0.12765138132819356,0.8467359325458284,0.025612686125978
489,0.12621157497407196,0.8485243939436354,0.025264031082292592
490,0.12480252572834796,0.8502737229453414,0.02492375132631065
491,0.12342327726070836,0.8519851619472093,0.024591560792082245
492,0.12207291196902541,0.8536599020166704,0.024267186014304123
493,0.12075054905915504,0.8552990854894442,0.023950365451400616
494,0.11945534273677243,0.8569038084118462,0.023640848851381378
495,0.1181864805037616,0.858475122838863,0.023338396657375398
496,0.11694318155223862,0.8600140389977676,0.02304277944999372
497,0.11572469524979914,0.8615215273262974,0.022753777423903544
498,0.1145302997100552,0.8629985203937393,0.022471179896205555
499,0.11335930044295793,0.8644459147126444,0.02219478484439759
500,0.11221102907980307,0.8658645724483156,0.021924398471881348
501,0.11108484216818011,0.8672553230326917,0.021659834799128114
502,0.10998012003246686,0.8686189646887686,0.021400915278764462
503,0.10889626569577927,0.8699562658712491,0.021147468432971602
504,0.10783270385957475,0.8712679666287114,0.020899329511713763
505,0.1067888799373706,0.8725547798922074,0.020656340170422022
506,0.10576425913928411,0.8738173926948537,0.02041834816586226
507,0.1047583256043258,0.8750564673266649,0.02018520706900934
508,0.10377058157758581,0.8762726424285786,0.019956775993835735
509,0.10280054662964584,0.8774665340293524,0.019732919341001746
510,0.16697449765090752,0.8174098825653558,0.01561561978373649
511,0.1691123104801331,0.812010453379984,0.018877236139882896
512,0.1703752016658042,0.8084271938482044,0.021197604485991464
513,0.1712615929918011,0.8056913579042283,0.02304704910397051
514,0.17193866107353423,0.8034554961585633,0.024605842767902467
515,0.17248284168763592,0.8015526870970885,0.025964471215275495
516,0.1729354084875235,0.7998890833970788,0.027175508115397835
517,0.17332114081559197,0.7984063627151774,0.02827249646923067
518,0.1736560587526178,0.7970656554739134,0.029278285773468807
519,0.17395110346504544,0.7958396809580381,0.03020921557691651
520,0.17421407074167602,0.7947085124196093,0.031077416838714723
521,0.1744507058609949,0.793657124985029,0.031892169153976066
522,0.17466536114121575,0.7926738926649806,0.032660746193803644
523,0.17486141007505995,0.7917496237653985,0.03338896615954148
524,0.17504151860041345,0.7908769178871731,0.034081563512413225
525,0.1752078287512008,0.790049723410187,0.03474244783861217
526,0.17536208653769855,0.7892630245587672,0.03537488890353412
527,0.17550573318227608,0.7885126148497238,0.03598165196800014
528,0.1756399716054864,0.7877949296872755,0.03656509870723826
529,0.17576581578882486,0.7871069204155716,0.03712726379560364
530,0.17588412803597908,0.7864459580364017,0.03766991392761918
531,0.17599564751839591,0.7858097585474425,0.0381945939341615
532,0.17610101243652906,0.7851963242991468,0.03870266326432409
533,0.17620077743266374,0.784603897396843,0.0391953251704933
534,0.1762954274229395,0.7840309222824347,0.03967365029462593
535,0.1763853886949442,0.7834760153976458,0.04013859590740998
536,0.17647103789308546,0.7829379403714802,0.040591021735434246
537,0.17655270935509215,0.7824155875612987,0.04103170308360923
538,0.17663070114880486,0.7819079570574043,0.041461341793790726
539,0.17670528007525782,0.7814141444670599,0.04188057545768234
540,0.17677668584275505,0.7809333289469976,0.042289985210247134
541,0.176845134570957,0.7804647630685753,0.04269010236046754
542,0.17691082174958195,0.7800077641870741,0.04308141406334395
543,0.1769739247501605,0.7795617070535941,0.04346436819624529
544,0.17703460496920367,0.7791260174597469,0.04383937757104951
545,0.177093009665605,0.778700166745688,0.04420682358870686
546,0.17714927354298196,0.7782836670337312,0.04456705942328698
547,0.17720352011813592,0.7778760670748471,0.04492041280701701
548,0.1772558629092778,0.7774769486153461,0.04526718847537621
549,0.17730640647166135,0.7770859232070452,0.04560767032129342
550,0.17735524730345725,0.7767026293971597,0.04594212329938313
551,0.17740247464082143,0.7763267302446328,0.04627079511454576
552,0.17744817115796682,0.7759579111181844,0.046593917723848716
553,0.17749241358548334,0.7755958777383658,0.04691170867615095
554,0.17753527325805185,0.7752403544316971,0.047224372310250964
555,0.1775768166009696,0.7748910825697506,0.047532100829279916
556,0.17761710556347338,0.7745478191700204,0.0478350752665063
557,0.17765619800566249,0.7742103356387551,0.048133466355582494
558,0.17769414804483002,0.7738784166387087,0.04842743531646106
559,0.17773100636618558,0.7735518590671236,0.048717134566690766
560,0.17776682050225198,0.7732304711312342,0.049002708366513846
561,0.17780163508463467,0.7729140715102748,0.049284293405090655
562,0.17783549207136132,0.7726024885943965,0.04956201933424226
563,0.1778684309525688,0.7722955597921282,0.04983600925530295
564,0.17790048893695373,0.7719931308990609,0.050106380163985394
565,0.1779317011210949,0.7716950555213343,0.050373243357570825
566,0.17796210064349202,0.7714011945482833,0.05063670480822472
567,0.1779917188249389,0.7711114156692654,0.05089686550579569
568,0.1780205852966524,0.7708255929302771,0.051153821773070596
569,0.17804872811741013,0.7705436063264649,0.05140766555612502
570,0.17807617388080402,0.7702653414270811,0.05165848469211478
571,0.17810294781358757,0.769990689029813,0.051906363156599404
572,0.17812907386598525,0.7697195448417502,0.05215138129226445
573,0.1781545747947362,0.7694518091845518,0.052393616020712075
574,0.17817947223955768,0.7691873867216261,0.052633141038816125
575,0.17820378679364074,0.7689261862053739,0.05287002700098542
576,0.1782275380687263,0.7686681202427313,0.05310434168854233
577,0.1782507447552501,0.7684131050774443,0.053336150167305564
578,0.17827342467799598,0.7681610603876459,0.053565514934358176
579,0.1782955948476522,0.76791190909746,0.053792496054887916
580,0.17831727150862434,0.767665577201473,0.05401715128990268
581,0.17833847018342588,0.7674219936010255,0.0542395362155487
582,0.1783592057139326,0.767181089951376,0.05445970433469131
583,0.17837949229976327,0.766942800518878,0.05467770718135872
584,0.1783993435340204,0.766707062047385,0.0548935944185947
585,0.17841877243660592,0.766473813633176,0.055107413930218015
586,0.1784377914853051,0.7662429966077524,0.05531921190694267
587,0.17845641264481354,0.7660145544279136,0.05552903292727297
588,0.1784746473938694,0.7657884325725758,0.05573692003355476
589,0.1784925067506345,0.765564578445838,0.05594291480352744
590,0.17851000129645844,0.7653429412858431,0.05614705741769839
591,0.17852714119814675,0.7651234720790242,0.056349386722829076
592,0.1785439362288437,0.764906123479352,0.05654994029180436
593,0.17856039578763166,0.7646908497322392,0.056748754480129164
594,0.17857652891793963,0.7644776066027776,0.056945864479282744
595,0.17859234432484583,0.7642663513080167,0.0571413043671375
596,0.17860785039135346,0.764057042453008,0.0573351071556386
597,0.1786230551937107,0.7638496399703698,0.05752730483591945
598,0.17863796651584088,0.7636441050631372,0.05771792842102199
599,0.17865259186294483,0.7634404001506842,0.05790700798637099
600,0.1786669384743299,0.7632384888175235,0.05809457270814657
601,0.17868101333551867,0.7630383357647977,0.058280650899683796
602,0.17869482318968377,0.7628399067642938,0.058465270046022325
603,0.178708374548455,0.7626431686148266,0.058648456836718224
604,0.17872167370213662,0.7624480891008403,0.058830237197022996
605,0.17873472672937515,0.7622546369530973,0.05901063631752768
606,0.17874753950631123,0.7620627818113269,0.0591896786823618
607,0.17876011771524844,0.7618724941887189,0.05936738809603256
608,0.17877246685286896,0.7616837454381484,0.05954378770898249
609,0.178784592238024,0.7614965077200367,0.05971890004193942
