,Prob. alone,Prob. adult,Prob. sibling
0,0.1695373432984386,0.8060542971682815,0.024408359533279935
1,0.17076680448813467,0.8034670279588292,0.025766167553036224
2,0.17171816478436133,0.8014093903200451,0.026872444895593536
3,0.172493286475013,0.7996948094069435,0.027811904118043358
4,0.17314672434187364,0.7982214290637053,0.028631846594421022
5,0.17371111357582794,0.7969273346458192,0.02936155177835269
6,0.17420752920691832,0.7957719858944284,0.03002048489865315
7,0.17465036930868066,0.7947273454416485,0.030622285249670856
8,0.17504990533110443,0.7937731905518959,0.03117690411699966
9,0.17541372077593131,0.7928944405163532,0.031691838707715525
10,0.175747573191062,0.7920795400863815,0.032172886722556526
11,0.17605593632261662,0.7913194338856178,0.0326246297917655
12,0.17634235500579148,0.7906068896780112,0.033050755316197195
13,0.1766096853938912,0.789936036868256,0.033454277737852714
14,0.17686026227854335,0.7893020428278905,0.033837694893566084
15,0.17709601853071216,0.7887008803305222,0.03420310113876557
16,0.1773185722101201,0.7881291568936238,0.03455227089625593
17,0.17752929130331338,0.787583987207439,0.034886721489247555
18,0.17772934264597962,0.7870628961946591,0.03520776115936123
19,0.17791972944858814,0.7865637442593142,0.03551652629209768
20,0.17810132046822866,0.7860846688826268,0.035814010649144405
21,0.17827487296224548,0.7856240384456386,0.036101088592115936
22,0.17844105094848192,0.7851804153231204,0.036378533728397534
23,0.1786004398779556,0.7847525260958648,0.03664703402617953
24,0.17875355853337796,0.7843392372909475,0.0369072041756745
25,0.17890086875966482,0.783939535459932,0.03715959578040314
26,0.1790427834835438,0.7835525106940215,0.037404705822434645
27,0.1791796733707801,0.7831773428865648,0.037642983742655074
28,0.17931187238945773,0.782813290209803,0.03787483740073949
29,0.17943968248803463,0.7824596793898594,0.03810063812210605
30,0.17956337755187718,0.7821158974525574,0.03832072499556539
31,0.1796832067677288,0.781781384680267,0.03853540855200424
32,0.17979939749927096,0.78145562857209,0.038744973928639154
33,0.17991215775656103,0.7811381586401686,0.03894968360327043
34,0.1800216783262385,0.7808285419065919,0.03914977976716963
35,0.1801281346168821,0.7805263789903794,0.03934548639273855
36,0.18023168826400218,0.7802313006938747,0.039537011042123114
37,0.1803324885312535,0.7799429650137645,0.03972454645498192
38,0.1804306735381254,0.7796610545147026,0.03990827194717201
39,0.18052637133924931,0.7793852740138617,0.04008835464688895
40,0.18061970087632032,0.7791153485331437,0.04026495059053605
41,0.18071077282024328,0.7788510214826536,0.040438205697103234
42,0.18079969031833878,0.7785920530447064,0.040608256636954936
43,0.18088654965915849,0.7783382187323002,0.0407752316085413
44,0.18097144086556796,0.778089308099868,0.040939251034564035
45,0.18105444822517855,0.7778451235873501,0.041100428187471325
46,0.18113565076590055,0.7776054794813335,0.04125886975276602
47,0.1812151226832841,0.7773702009792723,0.04141467633744364
48,0.18129293372539523,0.7771391233447198,0.04156794292988503
49,0.18136914954018257,0.7769120911431238,0.041718759316693665
50,0.1814438319896368,0.7766889575491113,0.04186721046125197
51,0.181517039434476,0.7764695837173616,0.042013376848162476
52,0.1815888269926107,0.7762538382101705,0.04215733479721886
53,0.18165924677423081,0.7760415964756664,0.04229915675010276
54,0.1817283480960062,0.7758327403713767,0.04243891153261705
55,0.1817961776765843,0.7756271577284833,0.04257666459493234
56,0.1818627798153102,0.7754247419526548,0.042712478232035035
57,0.18192819655586517,0.775225391657821,0.0428464117863138
58,0.18199246783632492,0.7750290103296716,0.042978521834003344
59,0.182055631626966,0.7748355060160209,0.043108862357013125
60,0.1821177240570002,0.7746447910414965,0.04323748490150346
61,0.1821787795312848,0.7744567817442931,0.04336443872442205
62,0.18223883083794928,0.774271398232961,0.04348977092908972
63,0.1822979092477657,0.7740885641614281,0.04361352659080614
64,0.18235604460601718,0.7739082065206305,0.043735748873352236
65,0.18241326541752823,0.7737302554453009,0.04385647913717078
66,0.18246959892546175,0.7735546440346027,0.04397575703993558
67,0.18252507118442013,0.7733813081854355,0.04409362063014429
68,0.18257970712833788,0.7732101864373495,0.04421010643431266
69,0.1826335306336038,0.7730412198281066,0.04432524953828959
70,0.18268656457781043,0.7728743517590225,0.04443908366316696
71,0.18273883089448645,0.7727095278693039,0.044551641236209506
72,0.18279035062413865,0.7725466959186645,0.0446629534571968
73,0.18284114396189724,0.7723858056775734,0.04477305036052933
74,0.18289123030203164,0.7722268088245479,0.044881960873420584
75,0.18294062827958066,0.7720696588499484,0.04498971287047094
76,0.18298935580931647,0.7719143109657935,0.04509633322488983
77,0.18303743012224735,0.7717607220211402,0.04520184785661242
78,0.18308486779984073,0.7716088504226243,0.045306281777535144
79,0.18313168480613615,0.7714586560597876,0.04540965913407629
80,0.18317789651790192,0.7713101002348488,0.04551200324724923
81,0.18322351775297743,0.7711631455965993,0.04561333665042328
82,0.1832685627969283,0.7710177560781416,0.04571368112492994
83,0.18331304542813565,0.7708738968382023,0.04581305773366222
84,0.1833569789414271,0.7707315342057715,0.04591148685280138
85,0.1834003761703502,0.7705906356278533,0.046008988201796434
86,0.18344324950818108,0.7704511696201084,0.04610558087171047
87,0.18348561092775276,0.7703131057202065,0.04620128335204064
88,0.18352747200018202,0.7701764144437082,0.04629611355610975
89,0.18356884391256773,0.7700410672423122,0.04639008884511989
90,0.18360973748472706,0.7699070364643196,0.046483226050953466
91,0.1836501631850314,0.7697742953171708,0.04657554149779791
92,0.18369013114540084,0.7696428178319309,0.04666705102266825
93,0.18372965117550785,0.7695125788295989,0.04675776999489346
94,0.18376873277624164,0.7693835538891287,0.04684771333462956
95,0.18380738515247866,0.7692557193170639,0.04693689553045758
96,0.18384561722519963,0.7691290521186799,0.047025330656120544
97,0.18388343764299594,0.7690035299705547,0.04711303238644944
98,0.18392085479299883,0.7688791311944756,0.04720001401252557
99,0.18395787681126852,0.7687558347326086,0.04728628845612279
100,0.17578782735888862,0.7865213615050562,0.0376908111360552
101,0.1763440512531056,0.7857231487971713,0.03793279994972316
102,0.17690130564599188,0.7849225093619122,0.03817618499209592
103,0.17745958658734573,0.7841194407683743,0.03842097264428011
104,0.17801889007166405,0.7833139406294601,0.03866716929887585
105,0.17857921203790142,0.7825060066023033,0.038914781359795314
106,0.17914054836923035,0.7816956363886913,0.03916381524207843
107,0.17970289489280317,0.7808828277354902,0.03941427737170667
108,0.18026624737951616,0.7800675784350702,0.03966617418541374
109,0.180830601543774,0.779249886325732,0.03991951213049396
110,0.18139595304325706,0.7784297492921347,0.0401742976646082
111,0.18196229747868978,0.7776071652657232,0.040430537255587
112,0.18252963039361111,0.7767821322251574,0.040688237381231424
113,0.1830979472741464,0.7759546481967425,0.040947404529111144
114,0.18366724354878144,0.7751247112548585,0.04120804519635994
115,0.1842375145881381,0.7742923195223931,0.04147016588946874
116,0.18480875570475208,0.7734574711711721,0.04173377312407593
117,0.18538096215285244,0.7726201644223925,0.04199887342475513
118,0.18595412912814321,0.7717803975470565,0.04226547332480015
119,0.18652825176758706,0.770938168866405,0.04253357936600782
120,0.18710332514919067,0.7700934767523517,0.042803198098457625
121,0.1876793442917929,0.7692463196279181,0.04307433608028887
122,0.1882563041548543,0.7683966959676702,0.04334699987747545
123,0.18883419963824985,0.7675446042981525,0.04362119606359758
124,0.1894130255820625,0.7666900431983263,0.04389693121961113
125,0.18999277676638035,0.7658330113000056,0.04417421193361414
126,0.19057344791109523,0.7649735072882939,0.0444530448006108
127,0.19115503367570433,0.7641115299020231,0.044733436422272475
128,0.1917375286591137,0.7632470779341899,0.04501539340669644
129,0.19232092739944429,0.7623801502323941,0.04529892236816149
130,0.1929052243738409,0.7615107456992779,0.04558402992688122
131,0.19349041399828296,0.7606388632929628,0.045870722708754294
132,0.19407649062739846,0.7597645020274894,0.046159007345112205
133,0.19466344855428047,0.7588876609732554,0.046448890472464116
134,0.19525128201030584,0.7580083392574548,0.04674037873223929
135,0.1958399851649571,0.7571265360645163,0.04703347877052649
136,0.196429552125647,0.756242250636542,0.0473281972378108
137,0.1970199769375456,0.7553554822737468,0.0476245407887076
138,0.1976112535834109,0.7544662303348952,0.047922516081693935
139,0.19820337598342114,0.7535744942377418,0.04822212977883711
140,0.19879633799501112,0.7526802734594685,0.04852338854552036
141,0.1993901334127113,0.7517835675371225,0.04882629905016615
142,0.19998475596798954,0.7508843760680542,0.049130867963956326
143,0.20058019932909607,0.7499826987103543,0.04943710196054974
144,0.20117645710091184,0.7490785351832911,0.0497450077157971
145,0.2017735228247997,0.7481718852677472,0.05005459190745289
146,0.202371389978459,0.747262748806656,0.05036586121488496
147,0.20297005197578322,0.746351125705436,0.0506788223187808
148,0.20356950216672107,0.7454370159324274,0.05099348190085154
149,0.2041697338371411,0.744520419519326,0.05130984664353288
150,0.2047707402086993,0.7436013365616172,0.05162792322968349
151,0.2053725144387104,0.7426797672190093,0.051947718342280375
152,0.2059750496200226,0.7417557117158654,0.05226923866411179
153,0.20657833878089588,0.7408291703416365,0.052592490877467445
154,0.20718237488488403,0.7399001434512905,0.05291748166382543
155,0.20778715083071958,0.7389686314657433,0.053244217703537
156,0.20839265945220353,0.738034634872288,0.05357270567550847
157,0.20899889351809786,0.7370981542250223,0.05390295225687986
158,0.20960584573202223,0.736159190145276,0.05423496412270176
159,0.21021350873235461,0.7352177433220367,0.05456874794560863
160,0.21082187509213537,0.734273814512375,0.054904310395489674
161,0.21143093731897564,0.7333274045418674,0.055241658139157074
162,0.21204068785496927,0.7323785143050194,0.05558079784001141
163,0.2126511190766093,0.7314271447656865,0.05592173615770426
164,0.21326222329470798,0.7304732969574936,0.05626447974779846
165,0.213873992754321,0.7295169719842537,0.05660903526142521
166,0.2144864196346764,0.7285581710203848,0.05695540934493884
167,0.2150994960491063,0.7275968953113251,0.057303608639568626
168,0.21571321404498522,0.7266331461739466,0.05765363978106822
169,0.21632756560366972,0.7256669249969683,0.058005509399361964
170,0.2169425426404447,0.7246982332413658,0.0583592241181893
171,0.21755813700447343,0.7237270724407808,0.058714790554745606
172,0.21817434047875123,0.7227534442019276,0.059072215319321116
173,0.21879114478006473,0.7217773502049986,0.059431505014936804
174,0.21940854155895484,0.7207987922040673,0.05979266623697787
175,0.2200265223996849,0.7198177720274905,0.060155705572824555
176,0.22064507882021286,0.718834291578307,0.06052062960148012
177,0.2212642022721686,0.7178483528346347,0.06088744489319678
178,0.2218838841408353,0.7168599578500661,0.06125615800909854
179,0.22250411574513682,0.7158691087540614,0.06162677550080169
180,0.22312488833762795,0.7148758077523392,0.061999303910032874
181,0.22374619310449148,0.7138800571272644,0.06237374976824411
182,0.22436802116553928,0.7128818592382344,0.0627501195962262
183,0.224990363574217,0.7118812165220643,0.06312841990371876
184,0.22561321131761702,0.7108781314933649,0.06350865718901813
185,0.22623655531649278,0.7098726067449243,0.06389083793858293
186,0.2268603864252806,0.7088646449480823,0.06427496862663692
187,0.22748469543212585,0.7078542488531048,0.06466105571476943
188,0.2281094730589136,0.7068414212895526,0.0650491056515337
189,0.22873470996130607,0.7058261651666515,0.06543912487204238
190,0.22936039672878356,0.7048084834736555,0.0658311197975609
191,0.22998652388469193,0.7037883792802098,0.06622509683509845
192,0.2306130818862947,0.7027658557367089,0.0666210623769965
193,0.2312400611248308,0.7017409160746542,0.06701902280051499
194,0.2318674519255779,0.7007135636070055,0.06741898446741655
195,0.2324952445479206,0.6996838017285315,0.06782095372354802
196,0.23312342918542464,0.6986516339161557,0.06822493689841977
197,0.23375199596591667,0.6976170637293004,0.06863094030478299
198,0.23438093495156959,0.6965800948102259,0.06903897023820468
199,0.23501023613899213,0.6955407308843677,0.06944903297664014
200,0.16161299968736237,0.8069500072010655,0.03143699311157217
201,0.1627178126147317,0.8053909466787443,0.03189124070652402
202,0.163827372109693,0.8038211300881853,0.03235149780212178
203,0.16494164934649222,0.8022405199928296,0.03281783066067811
204,0.16606061445296783,0.8006490795869553,0.033290305960076864
205,0.16718423649825642,0.7990467727132949,0.0337689907884485
206,0.1683124834805576,0.7974335638808427,0.03425395263859971
207,0.1694453223149664,0.795809418282841,0.03474525940219263
208,0.1705827188213792,0.7941743018149504,0.03524297936367052
209,0.1717246377124794,0.7925281810935954,0.03574718119392529
210,0.17287104258181063,0.7908710234744858,0.03625793394370344
211,0.17402189589194492,0.7892027970713092,0.036775307036745856
212,0.1751771589627519,0.7875234707745897,0.037299370262658456
213,0.17633679195977775,0.785833014270713,0.037830193769509225
214,0.17750075388274103,0.7841313980611105,0.03836784805614828
215,0.1786690025541533,0.7824185934815998,0.03891240396424692
216,0.17984149460807133,0.7806945727218765,0.03946393267005226
217,0.18101818547899112,0.7789593088451552,0.0400225056758538
218,0.18219902939088986,0.7772127758079518,0.04058819480115836
219,0.18338397934642528,0.7754549484800047,0.041161072173569936
220,0.18457298711630032,0.7736858026643285,0.04174121021937111
221,0.1857660032288021,0.7719053151173954,0.04232868165380257
222,0.1869629769595237,0.7701134635694385,0.04292355947103774
223,0.18816385632127738,0.7683102267448731,0.043525916933849385
224,0.18936858805420945,0.7664955843828258,0.04413582756296471
225,0.19057711761612317,0.76466951725777,0.04475336512610683
226,0.1917893891730227,0.7628320072002587,0.04537860362671861
227,0.19300534558988436,0.7609830371177482,0.046011617292367475
228,0.19422492842166578,0.7591225910155067,0.04665248056282753
229,0.19544807790456323,0.7572506540175998,0.04730126807783688
230,0.19667473294752552,0.7553672123879464,0.047958054664528176
231,0.19790483112403515,0.7534722535514359,0.04862291532452899
232,0.19913830866416637,0.751565766115102,0.04929592522073151
233,0.20037510044693094,0.749647739889341,0.049977159663728205
234,0.20161513999291875,0.7477181659091688,0.05066669409791242
235,0.20285835945724853,0.7457770364555092,0.05136460408724217
236,0.20410468962283412,0.7438243450765007,0.05207096530066514
237,0.205354059893979,0.7418600866088165,0.05278585349720441
238,0.20660639829030952,0.7398842571989876,0.053509344510702855
239,0.20786163144105638,0.7378968543247176,0.05424151423422596
240,0.20911968457969568,0.7358978768161822,0.05498243860412215
241,0.2103804815389597,0.733887324877301,0.05573219358373913
242,0.21164394474622827,0.7318652001069742,0.056490855146797594
243,0.21290999521931092,0.729831505520269,0.05725849926042022
244,0.2141785525626318,0.7277862455695506,0.05803520186781738
245,0.21544953496382627,0.7257294261655445,0.05882103887062931
246,0.21672285919076067,0.7236610546983148,0.05961608611092451
247,0.21799844058898754,0.7215811400581559,0.06042041935285643
248,0.21927619307964397,0.7194896926563776,0.06123411426397831
249,0.22055602915780653,0.7173867244459761,0.0620572463962175
250,0.22183785989131188,0.7152722489421769,0.06288989116651117
251,0.2231215949200547,0.7131462812428409,0.06373212383710442
252,0.22440714245577265,0.7110088380487145,0.06458401949551294
253,0.22569440928233017,0.7088599376835167,0.06544565303415295
254,0.22698330075651016,0.7066996001138504,0.06631709912963944
255,0.22827372080932484,0.7045278469689176,0.06719843222175748
256,0.22956557194785673,0.7023447015600356,0.0680897264921076
257,0.23085875525763896,0.7001501888999314,0.06899105584242961
258,0.23215317040558525,0.6979443357218063,0.06990249387260855
259,0.2334487156434805,0.6957271704981537,0.07082411385836593
260,0.2347452878120406,0.6934987234593183,0.07175598872864114
261,0.23604278234555287,0.6912590266117802,0.07269819104266691
262,0.23734109327710573,0.6890081137561505,0.07365079296674386
263,0.23864011324441597,0.6867460205048641,0.07461386625071992
264,0.23993973349626632,0.6844727842995553,0.07558748220417838
265,0.24123984389955905,0.6821884444280988,0.07657171167234218
266,0.24254033294699634,0.6798930420413045,0.07756662501169917
267,0.2438410877653957,0.677586620169249,0.07857229206535543
268,0.2451419941246487,0.675269223737228,0.07958878213812336
269,0.24644293644733203,0.6729408995813174,0.08061616397135062
270,0.24774379781897776,0.6706016964635227,0.08165450571749938
271,0.24904445999901256,0.6682516650865062,0.08270387491448121
272,0.2503448034323692,0.6658908581078734,0.0837643384597575
273,0.25164470726178423,0.6635193301540028,0.084835962584213
274,0.2529440493407815,0.661137137833407,0.08591881282581144
275,0.25424270624735323,0.6587443397496042,0.08701295400304261
276,0.25554055329834213,0.6563409965134882,0.08811845018816958
277,0.25683746456453244,0.6539271707551804,0.08923536468028698
278,0.2581333128864532,0.651502927135347,0.0903637599781998
279,0.2594279698909006,0.6490683323559664,0.09150369775313302
280,0.2607213060081842,0.646623455170532,0.09265523882128386
281,0.26201319049009975,0.6441683663936735,0.09381844311622677
282,0.2633034914286351,0.6417031389101815,0.09499336966118345
283,0.2645920757754095,0.6392278476834206,0.09618007654117001
284,0.265878809361853,0.6367425697631152,0.09737862087503184
285,0.26716355692012594,0.6342473842924928,0.0985890587873812
286,0.2684461821047816,0.6317423725147698,0.09981144538044864
287,0.269726547515174,0.6292276177789642,0.10104583470586191
288,0.2710045147186111,0.626703205545022,0.10229227973636676
289,0.27227994427425617,0.6241692233882422,0.10355083233750169
290,0.2735526957577742,0.6216257610029831,0.10482154323924281
291,0.2748226277867269,0.6190729102056407,0.10610446200763246
292,0.27608959804671196,0.6165107649368828,0.10739963701640529
293,0.2773534633182474,0.6139394212631228,0.10870711541862979
294,0.27861407950439804,0.6113589773772247,0.1100269431183771
295,0.2798713016591424,0.6087695335984217,0.11135916474243573
296,0.2811249840164753,0.6061711923714385,0.11270382361208617
297,0.28237498002024397,0.6035640582648033,0.11406096171495277
298,0.28362114235471364,0.6009482379683372,0.1154306196769492
299,0.2848633229758542,0.5983238402898126,0.1168128367343332
300,0.1803122371984067,0.7800009810856454,0.039686781715947944
301,0.129750457721243,0.8354831710824061,0.03476637119635092
302,0.1803122371984067,0.7800009810856454,0.039686781715947944
303,0.14984893846427114,0.801522325274392,0.048628736261336694
304,0.07210770603741176,0.8989719620637591,0.02892033189882905
305,0.07378237794248801,0.8970438175232903,0.029173804534221612
306,0.07549252732764922,0.8950793055830154,0.029428167089335485
307,0.07723874983923136,0.8930778728982535,0.029683377262515215
308,0.07902164395534933,0.8910389649097334,0.029939391134917205
309,0.08084181062839677,0.8889620262278417,0.03019616314376155
310,0.08269985290800268,0.8868465010357295,0.030453646056267904
311,0.08459637554401825,0.8846918335116265,0.030711790944355197
312,0.08653198456911913,0.8824974682706939,0.030970547160186972
313,0.08850728686063204,0.880262850826719,0.031229862312648977
314,0.09052288968121815,0.8779874280739353,0.03148968224484673
315,0.09257940019806657,0.8756706487892176,0.031749951012715855
316,0.09467742498028558,0.8733119641548747,0.03201061086483968
317,0.09681756947420447,0.8709108283022235,0.03227160222357213
318,0.09900043745633696,0.8684666988760966,0.03253286366756654
319,0.10122663046379266,0.8659790376203927,0.03279433191581461
320,0.10349674720196132,0.8634473109847379,0.03305594181330081
321,0.10581138292934324,0.8608709907522748,0.03331762631838185
322,0.10817112881943981,0.8582495546885581,0.03357931649200209
323,0.11057657129967192,0.8555824872114705,0.03384094148885768
324,0.11302829136734771,0.8528692800820266,0.03410242855062581
325,0.11552686388275582,0.8501094331158696,0.034363703001374604
326,0.1180728568395236,0.847302454915203,0.03462468824527359
327,0.12066683061244012,0.8444478636208365,0.0348853057667234
328,0.12330933718301798,0.8415451876839563,0.03514547513302568
329,0.1260009193431296,0.8385939666571562,0.03540511399971415
330,0.1287421098771377,0.8355937520041937,0.03566413811866853
331,0.13153343072301232,0.8325441079278555,0.03592246134913215
332,0.13437539211300845,0.8294446122152377,0.036179995671753916
333,0.13726849169456606,0.8262948570996594,0.03643665120577454
334,0.1402132136321774,0.8230944501383478,0.0366923362294747
335,0.14321002769106345,0.8198430151049348,0.03694695720400164
336,0.1462593883035889,0.8165401928957232,0.037200418800687814
337,0.14936173361944408,0.8131856424485835,0.03745262393197246
338,0.15251748454072286,0.8097790416732442,0.037703473786032976
339,0.15572704374312193,0.8063200883916489,0.03795286786522914
340,0.15899079468459332,0.8028085012869476,0.038200704028458925
341,0.16230910060288356,0.7992440208595986,0.038446878537517805
342,0.16568230350349955,0.7956264103889508,0.03869128610754958
343,0.16911072313974793,0.7919554568985844,0.03893381996166789
344,0.17259465598659615,0.7882309721235817,0.03917437188982215
345,0.17613437421022024,0.7844527934778083,0.03941283231197171
346,0.17973012463519622,0.7806207850191784,0.03964909034562532
347,0.18338212771140852,0.7767348384107994,0.03988303387779201
348,0.18709057648284508,0.7727948738757751,0.04011454964137996
349,0.19085563556055182,0.7688008411433789,0.04034352329606932
350,0.1946774401021171,0.7647527203842094,0.04056983951367336
351,0.19855609480015066,0.76065052313186,0.040793382067989506
352,0.20249167288231162,0.7564942931885582,0.041014033929130125
353,0.2064842151255294,0.7522841075121619,0.04123167736230878
354,0.2105337288871339,0.7480200770818227,0.041446194031043396
355,0.21464018715569536,0.7437023477395808,0.041657465104723825
356,0.21880352762443556,0.7393311010050887,0.04186537137047581
357,0.22302365179013017,0.7349065548606332,0.04206979334923662
358,0.22730042408048196,0.7304289645035742,0.04227061141594391
359,0.2316336710129779,0.725898623063302,0.0424677059237201
360,0.2360231803882839,0.7213158622797968,0.04266095733191925
361,0.2404687005212498,0.7166810531408642,0.04285024633788611
362,0.24496993951260798,0.7119946064751331,0.043035454012258785
363,0.2495265645644585,0.7072569734979117,0.043216461937629874
364,0.2541382013426065,0.7024686463070308,0.04339315235036267
365,0.2588044333888101,0.6976301583258478,0.043565408285342104
366,0.2635248015859487,0.6927420846906296,0.043733113723421695
367,0.26829880367907255,0.6878050425796164,0.043896153741311075
368,0.27312589385523467,0.682819691481133,0.04405441466363238
369,0.2780054823849177,0.6777867333982269,0.04420778421685546
370,0.28293693532778663,0.6727069129874059,0.04435615168480752
371,0.2879195743053774,0.667581017629186,0.044499408065436494
372,0.2929526763432146,0.6624098774282923,0.044637446228493076
373,0.2980354737847164,0.6571943651415022,0.04477016107378141
374,0.30316715427908253,0.6519353960313001,0.04489744968961728
375,0.3083468608452036,0.6466339276436776,0.04501921151111888
376,0.3135736920134416,0.6412909595086133,0.04513534847794511
377,0.3188467020469403,0.6359075327619728,0.045245765191086945
378,0.32416490124391334,0.6304847296877781,0.04535036906830851
379,0.32952725632213464,0.6250236731800377,0.04544907049782787
380,0.3349326908866296,0.6195255261235482,0.045541782989822255
381,0.3403800859813117,0.6139914906933498,0.045628423325338494
382,0.34586828072505776,0.6084228075727554,0.04570891170218696
383,0.35139607303245535,0.6028207550901472,0.04578317187739737
384,0.35696222041917636,0.5971866482750083,0.04585113130581527
385,0.36256544089165504,0.5915218378339224,0.04591272127442255
386,0.36820441392046427,0.5858277090475676,0.04596787703196814
387,0.37387778149649087,0.5801056805900049,0.04601653791350433
388,0.37958414926872674,0.5743572032718427,0.04605864745943064
389,0.38532208776218335,0.5685837587091572,0.046094153528659323
390,0.3910901336741627,0.5627868579203091,0.046123008405528125
391,0.39688679124681314,0.556968039853086,0.04614516890010099
392,0.4027105337136083,0.5511288698448792,0.046160596441512436
393,0.4085598048171191,0.5452709380188501,0.04616925716403081
394,0.4144330203951482,0.5393958576193179,0.04617112198553397
395,0.4203285700320507,0.5335052632898374,0.046166166678112
396,0.42624481877179005,0.5276008092976736,0.04615437193053633
397,0.4321801088890314,0.5216841677086124,0.046135723402356145
398,0.43813276171435506,0.5157570265162346,0.04611021176941041
399,0.4441010795094217,0.5098210877300079,0.046077832760570474
400,0.4500833473877493,0.5038780654266954,0.046038587185555174
401,0.4560778352765514,0.49792968376975877,0.045992480953689775
402,0.4620827999149164,0.49197767500157363,0.04593952508350993
403,0.46809648688347505,0.4860237774133829,0.045879735703141994
404,0.1803122371984067,0.7800009810856454,0.039686781715947944
405,0.09875762350277116,0.8749227259138315,0.026319650583397306
406,0.1803122371984067,0.7800009810856454,0.039686781715947944
407,0.0977743428440748,0.8266303680175046,0.07559528913842053
408,0.1803122371984067,0.7800009810856454,0.039686781715947944
409,0.17734219063302736,0.7423446579869919,0.08031315137998077
410,0.6418444370075048,0.04339108410005228,0.31476447889244275
411,0.639726683617789,0.08456922892850513,0.2757040874537056
412,0.625981370846902,0.12474863953170091,0.24926998962139738
413,0.6082021857836118,0.16305917245239282,0.22873864176399525
414,0.5889734634975071,0.19921853126994257,0.21180800523255047
415,0.5694420596224402,0.23317642875597946,0.19738151162158113
416,0.5501781711511479,0.2649881273413832,0.18483370150746853
417,0.5314772065255344,0.29475815439635267,0.17376463907811374
418,0.5134897794154799,0.3226123168777415,0.16389790370677895
419,0.4962854183206386,0.34868299435585026,0.15503158732351185
420,0.4798866268363418,0.3731012606977515,0.14701211246590723
421,0.4642882268054583,0.3959927244399609,0.13971904875457994
422,0.4494688196733582,0.41747546560069904,0.13305571472594335
423,0.43539777991323403,0.43765917520260644,0.12694304488415942
424,0.42203960408774377,0.45664498600173614,0.12131540991052016
425,0.40935664239787006,0.47452569398685907,0.11611766361527083
426,0.3973108157050725,0.49138619132293343,0.11130299297199395
427,0.385864684222583,0.5073040029288455,0.10683131284857145
428,0.37498209637743185,0.5223498620129343,0.10266804160963365
429,0.36462856357336026,0.536588286293399,0.09878315013324065
430,0.3547714554350368,0.5500781329417512,0.09515041162321194
431,0.34538007776692436,0.5628731203990467,0.09174680183402902
432,0.3364256746046061,0.575022311465502,0.08855201392989195
433,0.3278813820709518,0.5865705558872087,0.0855480620418395
434,0.319722152674427,0.5975588929509306,0.08271895437464245
435,0.31192466259363566,0.6080249159117171,0.08005042149464721
436,0.3044672103650513,0.6180031007762917,0.07752968885865694
437,0.2973296125768031,0.6275251022773967,0.07514528514580025
438,0.29049310024384023,0.6366200199483193,0.07288687980784045
439,0.2839402182163915,0.6453146371379889,0.07074514464561961
440,0.2776547290650818,0.6536336356566566,0.06871163527826149
441,0.27162152226415004,0.6615997885494839,0.06677868918636609
442,0.2658265290712541,0.669234133285146,0.06493933764359987
443,0.2602566432179492,0.6765561274341565,0.06318722934789425
444,0.2548996473371296,0.6835837887062175,0.06151656395665281
445,0.2497441449332921,0.6903338210226858,0.059922034044022014
446,0.24477949762786988,0.6968217281218135,0.058398774250316525
447,0.23999576737067374,0.7030619160317488,0.05694231659757751
448,0.2353836632894735,0.7090677855993183,0.05554855111120822
449,0.23093449284576428,0.7148518161307242,0.054213691023511666
450,0.22664011697072267,0.7204256410824788,0.052934241946798646
451,0.22249290886768758,0.72580011663605,0.051706974496262374
452,0.21848571618369603,0.7309853838965867,0.050528899919717214
453,0.21461182627092049,0.7359909253735797,0.049397248355499794
454,0.21086493427809222,0.7408256163282593,0.04830944939364843
455,0.20723911383133098,0.7454977715079004,0.04726311466076854
456,0.20372879008270436,0.7500151877300478,0.04625602218724775
457,0.20032871492295978,0.7543851827291272,0.04528610234791308
458,0.19703394417199963,0.7586146306331993,0.0443514251948009
459,0.19383981657670213,0.762709994399059,0.04345018902423902
460,0.19074193446057064,0.7666773554988552,0.04258071004057429
461,0.18773614588343748,0.7705224411204044,0.04174141299615808
462,0.18481852818207153,0.7742506491158574,0.0409308227020711
463,0.18198537277410087,0.777867070909002,0.04014755631689724
464,0.17923317111822332,0.7813765125498218,0.03939031633195485
465,0.17655860173329715,0.7847835140856886,0.03865788418101434
466,0.17395851818766236,0.7880923674014432,0.037949114410894436
467,0.17142993797799977,0.7913071326653868,0.03726292935661346
468,0.16897003222426016,0.7944316535046094,0.036598314271130514
469,0.16657611611375236,0.7974695710209738,0.03595431286527376
470,0.16424564003342731,0.8004243367482441,0.03533002321832852
471,0.1619761813347878,0.8032992246411731,0.03472459402403894
472,0.1597654366807459,0.8060973421787092,0.034137221140544995
473,0.15761121492818436,0.8088216406557189,0.03356714441609655
474,0.15551143050400398,0.8114749247306771,0.03301364476531899
475,0.15346409723608548,0.8140598612905167,0.03247604147339799
476,0.1514673226039112,0.8165789876882394,0.03195368970784942
477,0.1495193023765963,0.8190347194038242,0.031445978219579375
478,0.1476183156088122,0.8214293571744359,0.03095232721675187
479,0.14576271996756746,0.8237650936358376,0.030472186396594807
480,0.14395094736506792,0.8260440195132184,0.03000503312171367
481,0.14218149987493067,0.8282681293963033,0.029550370728765974
482,0.14045294591089644,0.8304393271306062,0.02910772695849739
483,0.13876391664888535,0.8325594308539461,0.02867665249716854
484,0.13711310267479304,0.8346301777048851,0.02825671962032184
485,0.13549925084183861,0.8366532282274958,0.027847520930665576
486,0.1339211613225654,0.8386301704948401,0.027448668182594334
487,0.13237768484177476,0.8405625239716905,0.027059791186534628
488,0.13086772007774977,0.8424517431353445,0.02668053678690567
489,0.12939021122010838,0.844299220871862,0.02631056790802968
490,0.12794414567352833,0.8461062916636557,0.025949562662815832
491,0.1265285518974083,0.8478742345831062,0.025597213519485615
492,0.12514249737228592,0.8496042761057053,0.025253226522008888
493,0.12378508668452506,0.8512975927551918,0.024917320560283087
494,0.1224554597214205,0.8529553135921613,0.02458922668641822
495,0.12115278996944848,0.8545785225567625,0.024268687473788943
496,0.11987628290893061,0.8561682606752815,0.02395545641578776
497,0.11862517449886642,0.8577255281396735,0.023649297361460053
498,0.11739872974614535,0.8592512862684271,0.02334998398542746
499,0.11619624135376393,0.8607464593565248,0.023057299289711137
500,0.11501702844305689,0.8622119364216895,0.022771035135253633
501,0.11386043534530493,0.8636485728535859,0.022490991801109254
502,0.11272583045840814,0.8650571919721629,0.02221697756942909
503,0.11161260516461206,0.8664385865008787,0.021948808334509212
504,0.1105201728055542,0.8677935199601434,0.021686307234302295
505,0.10944796771115142,0.8691227279859371,0.02142930430291151
506,0.10839544427908838,0.8704269195782147,0.021177636142696847
507,0.1073620761018853,0.8717067782833913,0.02093114561472343
508,0.10634735513872419,0.872962963314901,0.02068968154637492
509,0.1053507909294031,0.874196110615557,0.020453098455039887
510,0.17005741148713216,0.813529525593287,0.016413062919580848
511,0.172484650978856,0.8076803836677325,0.01983496535341145
512,0.17392341978612177,0.8038083380901946,0.02226824212368356
513,0.1749358880749089,0.8008570778602178,0.02420703406487327
514,0.17571095692154262,0.7984483447642724,0.02584069831418494
515,0.17633511081824102,0.7964006253372087,0.027264263844550402
516,0.1768551009732153,0.7946119628639507,0.028532936162833932
517,0.17729902196291794,0.7930190448935646,0.029681933143517518
518,0.17768505254968373,0.791579704814717,0.030735242635599326
519,0.17802561771834222,0.7902643657145557,0.03171001656710221
520,0.17832957674419173,0.789051435339409,0.03261898791639914
521,0.17860346294160487,0.7879246410486817,0.03347189600971351
522,0.17885222864145353,0.7868713970573845,0.03427637430116187
523,0.17907971463180444,0.7858817570121482,0.03503852835604731
524,0.17928895780452356,0.7849477160480764,0.03576332614739996
525,0.17948239952776493,0.784062730637108,0.036454869835127114
526,0.17966203080319834,0.783221379155188,0.037116590041613565
527,0.17982949587047423,0.7824191162259354,0.037751387903590346
528,0.17998616773640336,0.7816520912541592,0.038361741009437435
529,0.18013320427288207,0.7809170119386547,0.03894978378846327
530,0.1802715905774699,0.7802110399612828,0.03951736946124718
531,0.18040217143682727,0.7795317101205779,0.0400661184425949
532,0.18052567653807391,0.7788768668310477,0.04059745663087842
533,0.18064274028464256,0.7782446136774811,0.04111264603787633
534,0.1807539175421429,0.7776332729161337,0.041612809541723375
535,0.1808596962753288,0.7770413526476883,0.04209895107698293
536,0.1809605077829075,0.7764675199735891,0.042571972243503384
537,0.18105673505662828,0.7759105788668995,0.04303268607647212
538,0.18114871966145302,0.7753694517930454,0.04348182854550167
539,0.1812367674391802,0.7748431643392316,0.04392006822158826
540,0.18132115326827217,0.7743308322773627,0.04434801445436528
541,0.18140212506072942,0.7738316506100403,0.04476622432923031
542,0.18147990713775686,0.7733448842438981,0.045175208618345064
543,0.18155470309622285,0.7728698600070754,0.045575436896701814
544,0.18162669825509006,0.7724059597837059,0.045967341961204125
545,0.18169606175332706,0.7719526145820017,0.04635132366467133
546,0.18176294835702958,0.7715092993868357,0.0467277522561348
547,0.18182750002264716,0.771075528674885,0.047096971302467816
548,0.18188984725463744,0.7706508524920287,0.047459300253333905
549,0.18195011028904057,0.7702348530100375,0.0478150367009219
550,0.1820084001289914,0.7698271414935841,0.04816445837742454
551,0.18206481945376912,0.7694273556199515,0.04850782492627934
552,0.18211946341940663,0.769035157103078,0.04884537947751537
553,0.1821724203659596,0.7686502295811668,0.04917735005287359
554,0.18222377244414567,0.768272276733349,0.04950395082250532
555,0.1822735961720936,0.7679010205960637,0.04982538323184264
556,0.18232196293131445,0.7675362000541308,0.050141837014554755
557,0.1823689394096536,0.7671775694850858,0.05045349110526059
558,0.18241458799785396,0.7668248975383669,0.05076051446377905
559,0.1824589671454157,0.7664779660334808,0.05106306682110338
560,0.18250213168064364,0.7661365689634207,0.051361299355935655
561,0.18254413309910233,0.7658005115914307,0.05165535530946686
562,0.18258501982413314,0.7654696096307592,0.0519453705451078
563,0.18262483744260236,0.7651436884983613,0.05223147405903618
564,0.18266362891864293,0.7648225826346526,0.05251378844670445
565,0.18270143478779594,0.7645061348823727,0.052792430329831226
566,0.18273829333366207,0.7641941959184742,0.0530675107478637
567,0.1827742407489093,0.7638866237336575,0.05333913551743326
568,0.1828093112822643,0.7635832831548128,0.053607405562922796
569,0.18284353737291828,0.7632840454061673,0.05387241722091435
570,0.18287694977361318,0.7629887877054093,0.05413426252097745
571,0.18290957766352656,0.762697392891482,0.05439302944499155
572,0.18294144875194954,0.7624097490810899,0.05464880216696057
573,0.18297258937363897,0.7621257493512901,0.054901661275070894
574,0.1830030245766291,0.7618452914458087,0.05515168397756225
575,0.1830327782032046,0.7615682775029753,0.0553989442938201
576,0.18306187296465995,0.761294613803383,0.05564351323195704
577,0.18309033051040602,0.7610242105355702,0.05588545895402384
578,0.18311817149192658,0.7607569815781936,0.05612484692987978
579,0.1831454156220359,0.760492844297311,0.05636174008065315
580,0.1831720817298432,0.7602317193575243,0.05659619891263255
581,0.18319818781179037,0.759973530545856,0.056828281642353456
582,0.183223751079093,0.7597182046073355,0.05705804431357134
583,0.1832487880018821,0.7594656710913671,0.05728554090675096
584,0.18327331435031757,0.7592158622080373,0.05751082344164522
585,0.18329734523291738,0.7589687126935982,0.05773394207348434
586,0.18332089513232475,0.7587241596844225,0.057954945183252705
587,0.1833439779387142,0.7584821425987984,0.058173879462487296
588,0.18336660698102125,0.7582426030259822,0.05839078999299661
589,0.18338879505616137,0.7580054846219756,0.058605720321863106
590,0.18341055445639157,0.7577707330115431,0.05881871253206541
591,0.18343189699495338,0.7575382956960232,0.059029807309023484
592,0.18345283403012463,0.7573081219665231,0.05923904400335217
593,0.18347337648779546,0.7570801628221256,0.05944646069007891
594,0.18349353488267664,0.756854370892757,0.05965209422456648
595,0.18351331933823645,0.7566307003664047,0.059855980295358824
596,0.18353273960545735,0.756409106920388,0.06005815347415466
597,0.18355180508049312,0.7561895476564137,0.06025864726309327
598,0.18357052482130404,0.755971981039167,0.06045749413952909
599,0.18358890756333848,0.7557563668382095,0.06065472559845211
600,0.18360696173432697,0.7555426660729687,0.06085037219270429
601,0.18362469546824564,0.755330840960626,0.0610444635711284
602,0.1836421166185063,0.7551208548667165,0.061237028514777206
603,0.18365923277042256,0.7549126722582765,0.061428094971300855
604,0.18367605125299866,0.7547062586593782,0.061617690087622974
605,0.18369257915008508,0.7545015806089076,0.06180584024100749
606,0.1837088233109402,0.7542986056204491,0.061992571068610704
607,0.18372479036023676,0.7540973021441555,0.06217790749560777
608,0.18374048670754525,0.7538976395304782,0.06236187376197644
609,0.18375591855632917,0.7536995879956566,0.06254449344801412
